S3	1	1	1	0.70	1	1	0	0.70	0.30	a.png	o.png	1130319.26	1130319.26	0.49	-0.01	
1	0.70	1	1	0	0.70	0.30	a.png	o.png	1130319.26	1130319.26	0.49	-0.01	S3	1	2	2	0.30	0	1	0	0.30	0.70	o.png	a.png	1130321.74	1130321.72	0.48	-0.01	
2	0.30	0	1	0	0.30	0.70	o.png	a.png	1130321.74	1130321.72	0.48	-0.01	S3	1	3	2	0.30	0	1	0	0.70	0.30	a.png	o.png	1130323.70	1130323.68	0.29	-0.01	
2	0.30	0	1	0	0.70	0.30	a.png	o.png	1130323.70	1130323.68	0.29	-0.01	S3	1	4	2	0.30	1	2	0	0.30	0.70	o.png	a.png	1130325.56	1130325.55	0.36	-0.01	
2	0.30	1	2	0	0.30	0.70	o.png	a.png	1130325.56	1130325.55	0.36	-0.01	S3	1	5	1	0.70	0	2	0	0.70	0.30	a.png	o.png	1130327.86	1130327.85	0.49	-0.01	
1	0.70	0	2	0	0.70	0.30	a.png	o.png	1130327.86	1130327.85	0.49	-0.01	S3	1	6	2	0.30	0	2	0	0.30	0.70	o.png	a.png	1130329.72	1130329.70	0.22	-0.02	
2	0.30	0	2	0	0.30	0.70	o.png	a.png	1130329.72	1130329.70	0.22	-0.02	S3	1	7	2	0.30	1	3	0	0.30	0.70	o.png	a.png	1130331.71	1130331.70	0.32	-0.01	
2	0.30	1	3	0	0.30	0.70	o.png	a.png	1130331.71	1130331.70	0.32	-0.01	S3	1	8	2	0.30	0	3	0	0.30	0.70	o.png	a.png	1130333.93	1130333.92	0.42	-0.01	
2	0.30	0	3	0	0.30	0.70	o.png	a.png	1130333.93	1130333.92	0.42	-0.01	S3	1	9	1	0.70	0	3	0	0.30	0.70	o.png	a.png	1130335.80	1130335.79	0.37	-0.01	
1	0.70	0	3	0	0.30	0.70	o.png	a.png	1130335.80	1130335.79	0.37	-0.01	S3	1	10	1	0.70	1	4	0	0.70	0.30	a.png	o.png	1130337.52	1130337.51	0.21	-0.01	
1	0.70	1	4	0	0.70	0.30	a.png	o.png	1130337.52	1130337.51	0.21	-0.01	S3	1	11	1	0.70	0	4	0	0.30	0.70	o.png	a.png	1130340.15	1130340.14	0.47	-0.01	
1	0.70	0	4	0	0.30	0.70	o.png	a.png	1130340.15	1130340.14	0.47	-0.01	S3	1	12	1	0.70	1	5	0	0.70	0.30	a.png	o.png	1130342.00	1130341.99	0.35	-0.01	
1	0.70	1	5	0	0.70	0.30	a.png	o.png	1130342.00	1130341.99	0.35	-0.01	S3	1	13	1	0.70	1	6	0	0.70	0.30	a.png	o.png	1130344.04	1130344.03	0.24	-0.01	
1	0.70	1	6	0	0.70	0.30	a.png	o.png	1130344.04	1130344.03	0.24	-0.01	S3	1	14	2	0.30	0	6	0	0.30	0.70	o.png	a.png	1130346.22	1130346.21	0.37	-0.01	
2	0.30	0	6	0	0.30	0.70	o.png	a.png	1130346.22	1130346.21	0.37	-0.01	S3	1	15	1	0.70	1	7	0	0.70	0.30	a.png	o.png	1130348.12	1130348.11	0.40	-0.01	
1	0.70	1	7	0	0.70	0.30	a.png	o.png	1130348.12	1130348.11	0.40	-0.01	S3	1	16	2	0.30	0	7	0	0.30	0.70	o.png	a.png	1130351.14	1130351.13	0.43	-0.01	
2	0.30	0	7	0	0.30	0.70	o.png	a.png	1130351.14	1130351.13	0.43	-0.01	S3	1	17	1	0.70	1	8	0	0.30	0.70	o.png	a.png	1130353.37	1130353.36	0.49	-0.01	
1	0.70	1	8	0	0.30	0.70	o.png	a.png	1130353.37	1130353.36	0.49	-0.01	S3	1	18	1	0.70	1	9	0	0.70	0.30	a.png	o.png	1130355.88	1130355.87	0.37	-0.01	
1	0.70	1	9	0	0.70	0.30	a.png	o.png	1130355.88	1130355.87	0.37	-0.01	S3	1	19	1	0.70	0	9	0	0.30	0.70	o.png	a.png	1130358.03	1130358.02	0.34	-0.01	
1	0.70	0	9	0	0.30	0.70	o.png	a.png	1130358.03	1130358.02	0.34	-0.01	S3	1	20	1	0.70	1	10	0	0.70	0.30	a.png	o.png	1130359.88	1130359.87	0.35	-0.01	
1	0.70	1	10	0	0.70	0.30	a.png	o.png	1130359.88	1130359.87	0.35	-0.01	S3	2	1	1	0.30	0	0	10	0.30	0.70	p.png	b.png	1130364.30	1130364.18	0.31	-0.12	
1	0.30	0	0	10	0.30	0.70	p.png	b.png	1130364.30	1130364.18	0.31	-0.12	S3	2	2	1	0.30	1	1	10	0.70	0.30	b.png	p.png	1130366.36	1130366.35	0.26	-0.01	
1	0.30	1	1	10	0.70	0.30	b.png	p.png	1130366.36	1130366.35	0.26	-0.01	S3	2	3	2	0.70	1	2	10	0.30	0.70	p.png	b.png	1130368.44	1130368.43	0.28	-0.01	
2	0.70	1	2	10	0.30	0.70	p.png	b.png	1130368.44	1130368.43	0.28	-0.01	S3	2	4	2	0.70	0	2	10	0.70	0.30	b.png	p.png	1130370.56	1130370.55	0.29	-0.01	
2	0.70	0	2	10	0.70	0.30	b.png	p.png	1130370.56	1130370.55	0.29	-0.01	S3	2	5	2	0.70	0	2	10	0.30	0.70	p.png	b.png	1130373.16	1130373.15	0.40	-0.01	
2	0.70	0	2	10	0.30	0.70	p.png	b.png	1130373.16	1130373.15	0.40	-0.01	S3	2	6	2	0.70	1	3	10	0.70	0.30	b.png	p.png	1130375.21	1130375.19	0.37	-0.02	
2	0.70	1	3	10	0.70	0.30	b.png	p.png	1130375.21	1130375.19	0.37	-0.02	S3	2	7	2	0.70	0	3	10	0.70	0.30	b.png	p.png	1130377.67	1130377.66	0.22	-0.01	
2	0.70	0	3	10	0.70	0.30	b.png	p.png	1130377.67	1130377.66	0.22	-0.01	S3	2	8	2	0.70	0	3	10	0.70	0.30	b.png	p.png	1130379.65	1130379.64	0.48	-0.01	
2	0.70	0	3	10	0.70	0.30	b.png	p.png	1130379.65	1130379.64	0.48	-0.01	S3	2	9	2	0.70	1	4	10	0.30	0.70	p.png	b.png	1130381.60	1130381.59	0.44	-0.01	
2	0.70	1	4	10	0.30	0.70	p.png	b.png	1130381.60	1130381.59	0.44	-0.01	S3	2	10	1	0.30	0	4	10	0.70	0.30	b.png	p.png	1130383.63	1130383.62	0.22	-0.01	
1	0.30	0	4	10	0.70	0.30	b.png	p.png	1130383.63	1130383.62	0.22	-0.01	S3	2	11	2	0.70	0	4	10	0.70	0.30	b.png	p.png	1130385.53	1130385.52	0.40	-0.01	
2	0.70	0	4	10	0.70	0.30	b.png	p.png	1130385.53	1130385.52	0.40	-0.01	S3	2	12	1	0.30	1	5	10	0.70	0.30	b.png	p.png	1130387.25	1130387.24	0.22	-0.01	
1	0.30	1	5	10	0.70	0.30	b.png	p.png	1130387.25	1130387.24	0.22	-0.01	S3	2	13	1	0.30	0	5	10	0.30	0.70	p.png	b.png	1130389.95	1130389.94	0.23	-0.01	
1	0.30	0	5	10	0.30	0.70	p.png	b.png	1130389.95	1130389.94	0.23	-0.01	S3	2	14	2	0.70	1	6	10	0.30	0.70	p.png	b.png	1130391.87	1130391.86	0.42	-0.01	
2	0.70	1	6	10	0.30	0.70	p.png	b.png	1130391.87	1130391.86	0.42	-0.01	S3	2	15	1	0.30	0	6	10	0.30	0.70	p.png	b.png	1130394.27	1130394.26	0.35	-0.02	
1	0.30	0	6	10	0.30	0.70	p.png	b.png	1130394.27	1130394.26	0.35	-0.02	S3	2	16	1	0.30	0	6	10	0.70	0.30	b.png	p.png	1130396.18	1130396.17	0.41	-0.01	
1	0.30	0	6	10	0.70	0.30	b.png	p.png	1130396.18	1130396.17	0.41	-0.01	S3	2	17	2	0.70	0	6	10	0.70	0.30	b.png	p.png	1130398.13	1130398.12	0.45	-0.01	
2	0.70	0	6	10	0.70	0.30	b.png	p.png	1130398.13	1130398.12	0.45	-0.01	S3	2	18	2	0.70	0	6	10	0.30	0.70	p.png	b.png	1130400.06	1130400.05	0.43	-0.01	
2	0.70	0	6	10	0.30	0.70	p.png	b.png	1130400.06	1130400.05	0.43	-0.01	S3	2	19	1	0.30	0	6	10	0.70	0.30	b.png	p.png	1130402.10	1130402.09	0.38	-0.01	
1	0.30	0	6	10	0.70	0.30	b.png	p.png	1130402.10	1130402.09	0.38	-0.01	S3	2	20	1	0.30	0	6	10	0.70	0.30	b.png	p.png	1130404.72	1130404.71	0.36	-0.01	
1	0.30	0	6	10	0.70	0.30	b.png	p.png	1130404.72	1130404.71	0.36	-0.01	S3	3	1	2	0.70	1	1	16	0.70	0.30	l.png	r.png	1130408.20	1130408.19	0.25	-0.01	
2	0.70	1	1	16	0.70	0.30	l.png	r.png	1130408.20	1130408.19	0.25	-0.01	S3	3	2	1	0.30	0	1	16	0.30	0.70	r.png	l.png	1130410.56	1130410.56	0.39	-0.01	
1	0.30	0	1	16	0.30	0.70	r.png	l.png	1130410.56	1130410.56	0.39	-0.01	S3	3	3	2	0.70	1	2	16	0.70	0.30	l.png	r.png	1130412.91	1130412.89	0.47	-0.02	
2	0.70	1	2	16	0.70	0.30	l.png	r.png	1130412.91	1130412.89	0.47	-0.02	S3	3	4	1	0.30	1	3	16	0.30	0.70	r.png	l.png	1130430.22	1130430.21	0.31	-0.01	
1	0.30	1	3	16	0.30	0.70	r.png	l.png	1130430.22	1130430.21	0.31	-0.01	S3	3	5	2	0.70	1	4	16	0.70	0.30	l.png	r.png	1130432.56	1130432.55	0.39	-0.01	
2	0.70	1	4	16	0.70	0.30	l.png	r.png	1130432.56	1130432.55	0.39	-0.01	S3	3	6	1	0.30	0	4	16	0.30	0.70	r.png	l.png	1130434.75	1130434.74	0.38	-0.01	
1	0.30	0	4	16	0.30	0.70	r.png	l.png	1130434.75	1130434.74	0.38	-0.01	S3	3	7	1	0.30	0	4	16	0.30	0.70	r.png	l.png	1130436.66	1130436.65	0.41	-0.01	
1	0.30	0	4	16	0.30	0.70	r.png	l.png	1130436.66	1130436.65	0.41	-0.01	S3	3	8	1	0.30	1	5	16	0.70	0.30	l.png	r.png	1130438.49	1130438.48	0.33	-0.01	
1	0.30	1	5	16	0.70	0.30	l.png	r.png	1130438.49	1130438.48	0.33	-0.01	S3	3	9	1	0.30	1	6	16	0.30	0.70	r.png	l.png	1130440.97	1130440.96	0.42	-0.01	
1	0.30	1	6	16	0.30	0.70	r.png	l.png	1130440.97	1130440.96	0.42	-0.01	S3	3	10	2	0.70	1	7	16	0.70	0.30	l.png	r.png	1130443.12	1130443.11	0.34	-0.01	
2	0.70	1	7	16	0.70	0.30	l.png	r.png	1130443.12	1130443.11	0.34	-0.01	S3	3	11	2	0.70	0	7	16	0.70	0.30	l.png	r.png	1130445.52	1130445.51	0.44	-0.01	
2	0.70	0	7	16	0.70	0.30	l.png	r.png	1130445.52	1130445.51	0.44	-0.01	S3	3	12	2	0.70	1	8	16	0.30	0.70	r.png	l.png	1130447.46	1130447.45	0.43	-0.01	
2	0.70	1	8	16	0.30	0.70	r.png	l.png	1130447.46	1130447.45	0.43	-0.01	S3	3	13	1	0.30	1	9	16	0.70	0.30	l.png	r.png	1130449.66	1130449.65	0.40	-0.01	
1	0.30	1	9	16	0.70	0.30	l.png	r.png	1130449.66	1130449.65	0.40	-0.01	S3	3	14	1	0.30	0	9	16	0.70	0.30	l.png	r.png	1130451.84	1130451.83	0.37	-0.01	
1	0.30	0	9	16	0.70	0.30	l.png	r.png	1130451.84	1130451.83	0.37	-0.01	S3	3	15	2	0.70	1	10	16	0.70	0.30	l.png	r.png	1130453.83	1130453.82	0.49	-0.01	
2	0.70	1	10	16	0.70	0.30	l.png	r.png	1130453.83	1130453.82	0.49	-0.01	S3	3	16	2	0.70	1	11	16	0.70	0.30	l.png	r.png	1130456.12	1130456.11	0.31	-0.01	
2	0.70	1	11	16	0.70	0.30	l.png	r.png	1130456.12	1130456.11	0.31	-0.01	S3	3	17	1	0.30	1	12	16	0.30	0.70	r.png	l.png	1130458.91	1130458.90	0.42	-0.01	
1	0.30	1	12	16	0.30	0.70	r.png	l.png	1130458.91	1130458.90	0.42	-0.01	S3	3	18	1	0.30	1	13	16	0.30	0.70	r.png	l.png	1130461.18	1130461.17	0.47	-0.01	
1	0.30	1	13	16	0.30	0.70	r.png	l.png	1130461.18	1130461.17	0.47	-0.01	S3	3	19	2	0.70	1	14	16	0.70	0.30	l.png	r.png	1130463.39	1130463.38	0.40	-0.01	
2	0.70	1	14	16	0.70	0.30	l.png	r.png	1130463.39	1130463.38	0.40	-0.01	S3	3	20	2	0.70	0	14	16	0.70	0.30	l.png	r.png	1130465.47	1130465.45	0.22	-0.02	
2	0.70	0	14	16	0.70	0.30	l.png	r.png	1130465.47	1130465.45	0.22	-0.02	S3	4	1	1	0.30	0	0	30	0.70	0.30	x.png	c.png	1130470.55	1130470.54	0.40	-0.01	
1	0.30	0	0	30	0.70	0.30	x.png	c.png	1130470.55	1130470.54	0.40	-0.01	S3	4	2	2	0.70	1	1	30	0.70	0.30	x.png	c.png	1130472.98	1130472.97	0.46	-0.01	
2	0.70	1	1	30	0.70	0.30	x.png	c.png	1130472.98	1130472.97	0.46	-0.01	S3	4	3	1	0.30	1	2	30	0.30	0.70	c.png	x.png	1130475.30	1130475.29	0.39	-0.01	
1	0.30	1	2	30	0.30	0.70	c.png	x.png	1130475.30	1130475.29	0.39	-0.01	S3	4	4	1	0.30	1	3	30	0.30	0.70	c.png	x.png	1130477.45	1130477.44	0.33	-0.01	
1	0.30	1	3	30	0.30	0.70	c.png	x.png	1130477.45	1130477.44	0.33	-0.01	S3	4	5	2	0.70	1	4	30	0.30	0.70	c.png	x.png	1130479.48	1130479.47	0.22	-0.01	
2	0.70	1	4	30	0.30	0.70	c.png	x.png	1130479.48	1130479.47	0.22	-0.01	S3	4	6	1	0.30	1	5	30	0.70	0.30	x.png	c.png	1130481.69	1130481.68	0.37	-0.01	
1	0.30	1	5	30	0.70	0.30	x.png	c.png	1130481.69	1130481.68	0.37	-0.01	S3	4	7	2	0.70	1	6	30	0.70	0.30	x.png	c.png	1130483.94	1130483.93	0.45	-0.01	
2	0.70	1	6	30	0.70	0.30	x.png	c.png	1130483.94	1130483.93	0.45	-0.01	S3	4	8	2	0.70	1	7	30	0.30	0.70	c.png	x.png	1130486.12	1130486.11	0.37	-0.01	
2	0.70	1	7	30	0.30	0.70	c.png	x.png	1130486.12	1130486.11	0.37	-0.01	S3	4	9	2	0.70	1	8	30	0.70	0.30	x.png	c.png	1130488.37	1130488.36	0.44	-0.01	
2	0.70	1	8	30	0.70	0.30	x.png	c.png	1130488.37	1130488.36	0.44	-0.01	S3	4	10	2	0.70	1	9	30	0.30	0.70	c.png	x.png	1130490.45	1130490.44	0.27	-0.01	
2	0.70	1	9	30	0.30	0.70	c.png	x.png	1130490.45	1130490.44	0.27	-0.01	S3	4	11	2	0.70	0	9	30	0.70	0.30	x.png	c.png	1130493.27	1130493.26	0.27	-0.01	
2	0.70	0	9	30	0.70	0.30	x.png	c.png	1130493.27	1130493.26	0.27	-0.01	S3	4	12	2	0.70	1	10	30	0.70	0.30	x.png	c.png	1130495.06	1130495.05	0.29	-0.01	
2	0.70	1	10	30	0.70	0.30	x.png	c.png	1130495.06	1130495.05	0.29	-0.01	S3	4	13	1	0.30	1	11	30	0.30	0.70	c.png	x.png	1130497.83	1130497.82	0.20	-0.01	
1	0.30	1	11	30	0.30	0.70	c.png	x.png	1130497.83	1130497.82	0.20	-0.01	S3	4	14	2	0.70	0	11	30	0.30	0.70	c.png	x.png	1130499.85	1130499.84	0.21	-0.01	
2	0.70	0	11	30	0.30	0.70	c.png	x.png	1130499.85	1130499.84	0.21	-0.01	S3	4	15	2	0.70	1	12	30	0.70	0.30	x.png	c.png	1130501.67	1130501.66	0.31	-0.01	
2	0.70	1	12	30	0.70	0.30	x.png	c.png	1130501.67	1130501.66	0.31	-0.01	S3	4	16	1	0.30	0	12	30	0.30	0.70	c.png	x.png	1130503.84	1130503.83	0.36	-0.01	
1	0.30	0	12	30	0.30	0.70	c.png	x.png	1130503.84	1130503.83	0.36	-0.01	S3	4	17	2	0.70	1	13	30	0.30	0.70	c.png	x.png	1130505.73	1130505.72	0.39	-0.01	
2	0.70	1	13	30	0.30	0.70	c.png	x.png	1130505.73	1130505.72	0.39	-0.01	S3	4	18	1	0.30	1	14	30	0.70	0.30	x.png	c.png	1130508.02	1130508.01	0.49	-0.01	
1	0.30	1	14	30	0.70	0.30	x.png	c.png	1130508.02	1130508.01	0.49	-0.01	S3	4	19	1	0.30	0	14	30	0.70	0.30	x.png	c.png	1130510.16	1130510.15	0.33	-0.01	
1	0.30	0	14	30	0.70	0.30	x.png	c.png	1130510.16	1130510.15	0.33	-0.01	S3	4	20	2	0.70	1	15	30	0.70	0.30	x.png	c.png	1130512.15	1130512.14	0.50	-0.01	
2	0.70	1	15	30	0.70	0.30	x.png	c.png	1130512.15	1130512.14	0.50	-0.01	S3	5	1	2	0.30	0	0	45	0.30	0.70	f.png	Q.png	1130517.67	1130517.66	0.44	-0.01	
2	0.30	0	0	45	0.30	0.70	f.png	Q.png	1130517.67	1130517.66	0.44	-0.01	S3	5	2	1	0.70	1	1	45	0.70	0.30	Q.png	f.png	1130519.52	1130519.51	0.29	-0.01	
1	0.70	1	1	45	0.70	0.30	Q.png	f.png	1130519.52	1130519.51	0.29	-0.01	S3	5	3	1	0.70	0	1	45	0.70	0.30	Q.png	f.png	1130521.74	1130521.73	0.25	-0.01	
1	0.70	0	1	45	0.70	0.30	Q.png	f.png	1130521.74	1130521.73	0.25	-0.01	S3	5	4	2	0.30	1	2	45	0.30	0.70	f.png	Q.png	1130524.43	1130524.42	0.39	-0.01	
2	0.30	1	2	45	0.30	0.70	f.png	Q.png	1130524.43	1130524.42	0.39	-0.01	S3	5	5	2	0.30	1	3	45	0.70	0.30	Q.png	f.png	1130526.68	1130526.67	0.44	-0.01	
2	0.30	1	3	45	0.70	0.30	Q.png	f.png	1130526.68	1130526.67	0.44	-0.01	S3	5	6	1	0.70	1	4	45	0.30	0.70	f.png	Q.png	1130529.25	1130529.24	0.44	-0.02	
1	0.70	1	4	45	0.30	0.70	f.png	Q.png	1130529.25	1130529.24	0.44	-0.02	S3	5	7	2	0.30	1	5	45	0.70	0.30	Q.png	f.png	1130531.39	1130531.37	0.26	-0.01	
2	0.30	1	5	45	0.70	0.30	Q.png	f.png	1130531.39	1130531.37	0.26	-0.01	S3	5	8	1	0.70	0	5	45	0.70	0.30	Q.png	f.png	1130533.78	1130533.77	0.42	-0.01	
1	0.70	0	5	45	0.70	0.30	Q.png	f.png	1130533.78	1130533.77	0.42	-0.01	S3	5	9	2	0.30	0	5	45	0.30	0.70	f.png	Q.png	1130535.76	1130535.75	0.47	-0.01	
2	0.30	0	5	45	0.30	0.70	f.png	Q.png	1130535.76	1130535.75	0.47	-0.01	S3	5	10	1	0.70	1	6	45	0.70	0.30	Q.png	f.png	1130537.65	1130537.64	0.40	-0.01	
1	0.70	1	6	45	0.70	0.30	Q.png	f.png	1130537.65	1130537.64	0.40	-0.01	S3	5	11	2	0.30	1	7	45	0.30	0.70	f.png	Q.png	1130539.89	1130539.88	0.43	-0.01	
2	0.30	1	7	45	0.30	0.70	f.png	Q.png	1130539.89	1130539.88	0.43	-0.01	S3	5	12	2	0.30	1	8	45	0.30	0.70	f.png	Q.png	1130541.98	1130541.97	0.29	-0.01	
2	0.30	1	8	45	0.30	0.70	f.png	Q.png	1130541.98	1130541.97	0.29	-0.01	S3	5	13	1	0.70	1	9	45	0.30	0.70	f.png	Q.png	1130544.00	1130543.99	0.21	-0.01	
1	0.70	1	9	45	0.30	0.70	f.png	Q.png	1130544.00	1130543.99	0.21	-0.01	S3	5	14	2	0.30	0	9	45	0.30	0.70	f.png	Q.png	1130546.49	1130546.48	0.49	-0.01	
2	0.30	0	9	45	0.30	0.70	f.png	Q.png	1130546.49	1130546.48	0.49	-0.01	S3	5	15	2	0.30	0	9	45	0.70	0.30	Q.png	f.png	1130548.64	1130548.63	0.44	-0.01	
2	0.30	0	9	45	0.70	0.30	Q.png	f.png	1130548.64	1130548.63	0.44	-0.01	S3	5	16	2	0.30	0	9	45	0.30	0.70	f.png	Q.png	1130550.63	1130550.62	0.49	-0.01	
2	0.30	0	9	45	0.30	0.70	f.png	Q.png	1130550.63	1130550.62	0.49	-0.01	S3	5	17	2	0.30	0	9	45	0.30	0.70	f.png	Q.png	1130552.49	1130552.48	0.36	-0.01	
2	0.30	0	9	45	0.30	0.70	f.png	Q.png	1130552.49	1130552.48	0.36	-0.01	S3	5	18	2	0.30	0	9	45	0.70	0.30	Q.png	f.png	1130554.46	1130554.45	0.48	-0.01	
2	0.30	0	9	45	0.70	0.30	Q.png	f.png	1130554.46	1130554.45	0.48	-0.01	S3	5	19	1	0.70	1	10	45	0.70	0.30	Q.png	f.png	1130556.75	1130556.74	0.45	-0.01	
1	0.70	1	10	45	0.70	0.30	Q.png	f.png	1130556.75	1130556.74	0.45	-0.01	S3	5	20	1	0.70	0	10	45	0.70	0.30	Q.png	f.png	1130560.06	1130560.05	0.33	-0.01	
1	0.70	0	10	45	0.70	0.30	Q.png	f.png	1130560.06	1130560.05	0.33	-0.01	S3	6	1	1	0.30	1	1	55	0.30	0.70	v.png	i.png	1130564.39	1130564.38	0.37	-0.01	
1	0.30	1	1	55	0.30	0.70	v.png	i.png	1130564.39	1130564.38	0.37	-0.01	S3	6	2	1	0.30	1	2	55	0.30	0.70	v.png	i.png	1130567.06	1130567.05	0.31	-0.01	
1	0.30	1	2	55	0.30	0.70	v.png	i.png	1130567.06	1130567.05	0.31	-0.01	S3	6	3	1	0.30	0	2	55	0.70	0.30	i.png	v.png	1130569.52	1130569.51	0.40	-0.01	
1	0.30	0	2	55	0.70	0.30	i.png	v.png	1130569.52	1130569.51	0.40	-0.01	S3	6	4	1	0.30	0	2	55	0.30	0.70	v.png	i.png	1130571.41	1130571.40	0.21	-0.01	
1	0.30	0	2	55	0.30	0.70	v.png	i.png	1130571.41	1130571.40	0.21	-0.01	S3	6	5	1	0.30	1	3	55	0.70	0.30	i.png	v.png	1130573.36	1130573.35	0.43	-0.01	
1	0.30	1	3	55	0.70	0.30	i.png	v.png	1130573.36	1130573.35	0.43	-0.01	S3	6	6	2	0.70	1	4	55	0.30	0.70	v.png	i.png	1130575.67	1130575.66	0.49	-0.01	
2	0.70	1	4	55	0.30	0.70	v.png	i.png	1130575.67	1130575.66	0.49	-0.01	S3	6	7	1	0.30	0	4	55	0.30	0.70	v.png	i.png	1130578.08	1130578.07	0.36	-0.01	
1	0.30	0	4	55	0.30	0.70	v.png	i.png	1130578.08	1130578.07	0.36	-0.01	S3	6	8	2	0.70	1	5	55	0.30	0.70	v.png	i.png	1130580.16	1130580.15	0.38	-0.01	
2	0.70	1	5	55	0.30	0.70	v.png	i.png	1130580.16	1130580.15	0.38	-0.01	S3	6	9	1	0.30	0	5	55	0.30	0.70	v.png	i.png	1130582.30	1130582.29	0.34	-0.01	
1	0.30	0	5	55	0.30	0.70	v.png	i.png	1130582.30	1130582.29	0.34	-0.01	S3	6	10	2	0.70	1	6	55	0.30	0.70	v.png	i.png	1130584.20	1130584.19	0.23	-0.02	
2	0.70	1	6	55	0.30	0.70	v.png	i.png	1130584.20	1130584.19	0.23	-0.02	S3	6	11	2	0.70	0	6	55	0.30	0.70	v.png	i.png	1130586.43	1130586.42	0.40	-0.01	
2	0.70	0	6	55	0.30	0.70	v.png	i.png	1130586.43	1130586.42	0.40	-0.01	S3	6	12	2	0.70	0	6	55	0.70	0.30	i.png	v.png	1130588.53	1130588.52	0.48	-0.02	
2	0.70	0	6	55	0.70	0.30	i.png	v.png	1130588.53	1130588.52	0.48	-0.02	S3	6	13	1	0.30	1	7	55	0.70	0.30	i.png	v.png	1130590.31	1130590.30	0.27	-0.01	
1	0.30	1	7	55	0.70	0.30	i.png	v.png	1130590.31	1130590.30	0.27	-0.01	S3	6	14	2	0.70	1	8	55	0.30	0.70	v.png	i.png	1130592.54	1130592.52	0.34	-0.01	
2	0.70	1	8	55	0.30	0.70	v.png	i.png	1130592.54	1130592.52	0.34	-0.01	S3	6	15	1	0.30	0	8	55	0.30	0.70	v.png	i.png	1130594.79	1130594.78	0.44	-0.01	
1	0.30	0	8	55	0.30	0.70	v.png	i.png	1130594.79	1130594.78	0.44	-0.01	S3	6	16	2	0.70	1	9	55	0.30	0.70	v.png	i.png	1130596.69	1130596.68	0.41	-0.01	
2	0.70	1	9	55	0.30	0.70	v.png	i.png	1130596.69	1130596.68	0.41	-0.01	S3	6	17	1	0.30	0	9	55	0.70	0.30	i.png	v.png	1130598.85	1130598.84	0.32	-0.01	
1	0.30	0	9	55	0.70	0.30	i.png	v.png	1130598.85	1130598.84	0.32	-0.01	S3	6	18	2	0.70	0	9	55	0.70	0.30	i.png	v.png	1130600.68	1130600.67	0.34	-0.01	
2	0.70	0	9	55	0.70	0.30	i.png	v.png	1130600.68	1130600.67	0.34	-0.01	S3	6	19	1	0.30	1	10	55	0.30	0.70	v.png	i.png	1130602.56	1130602.55	0.38	-0.01	
1	0.30	1	10	55	0.30	0.70	v.png	i.png	1130602.56	1130602.55	0.38	-0.01	S3	6	20	1	0.30	0	10	55	0.30	0.70	v.png	i.png	1130604.93	1130604.92	0.41	-0.01	
1	0.30	0	10	55	0.30	0.70	v.png	i.png	1130604.93	1130604.92	0.41	-0.01	