HC01S4	4	1	1	2	0.25	1	1	0	0.75	0.25	l.png	Q.png	601467.31	601467.29	0.42	-0.02
2	0.25	1	1	0	0.75	0.25	l.png	Q.png	601467.31	601467.29	0.42	-0.02HC01S4	4	1	2	2	0.25	0	1	0	0.25	0.75	Q.png	l.png	601470.01	601470.00	0.37	-0.01
2	0.25	0	1	0	0.25	0.75	Q.png	l.png	601470.01	601470.00	0.37	-0.01HC01S4	4	1	3	2	0.25	0	1	0	0.25	0.75	Q.png	l.png	601472.42	601472.40	0.42	-0.01
2	0.25	0	1	0	0.25	0.75	Q.png	l.png	601472.42	601472.40	0.42	-0.01HC01S4	4	1	4	2	0.25	1	2	0	0.75	0.25	l.png	Q.png	601474.82	601474.80	0.40	-0.02
2	0.25	1	2	0	0.75	0.25	l.png	Q.png	601474.82	601474.80	0.40	-0.02HC01S4	4	1	5	2	0.25	0	2	0	0.75	0.25	l.png	Q.png	601477.58	601477.53	0.39	-0.05
2	0.25	0	2	0	0.75	0.25	l.png	Q.png	601477.58	601477.53	0.39	-0.05HC01S4	4	1	6	1	0.75	1	3	0	0.75	0.25	l.png	Q.png	601479.76	601479.75	0.23	-0.01
1	0.75	1	3	0	0.75	0.25	l.png	Q.png	601479.76	601479.75	0.23	-0.01HC01S4	4	1	7	1	0.75	1	4	0	0.75	0.25	l.png	Q.png	601482.53	601482.52	0.47	-0.01
1	0.75	1	4	0	0.75	0.25	l.png	Q.png	601482.53	601482.52	0.47	-0.01HC01S4	4	1	8	2	0.25	0	4	0	0.25	0.75	Q.png	l.png	601485.17	601485.16	0.34	-0.01
2	0.25	0	4	0	0.25	0.75	Q.png	l.png	601485.17	601485.16	0.34	-0.01HC01S4	4	1	9	1	0.75	0	4	0	0.75	0.25	l.png	Q.png	601487.46	601487.44	0.33	-0.02
1	0.75	0	4	0	0.75	0.25	l.png	Q.png	601487.46	601487.44	0.33	-0.02HC01S4	4	1	10	1	0.75	0	4	0	0.75	0.25	l.png	Q.png	601489.56	601489.55	0.35	-0.01
1	0.75	0	4	0	0.75	0.25	l.png	Q.png	601489.56	601489.55	0.35	-0.01HC01S4	4	1	11	1	0.75	1	5	0	0.75	0.25	l.png	Q.png	601491.91	601491.89	0.42	-0.02
1	0.75	1	5	0	0.75	0.25	l.png	Q.png	601491.91	601491.89	0.42	-0.02HC01S4	4	1	12	1	0.75	1	6	0	0.75	0.25	l.png	Q.png	601495.93	601494.72	0.44	-1.21
1	0.75	1	6	0	0.75	0.25	l.png	Q.png	601495.93	601494.72	0.44	-1.21HC01S4	4	1	13	1	0.75	1	7	0	0.25	0.75	Q.png	l.png	601498.89	601498.88	0.30	-0.02
1	0.75	1	7	0	0.25	0.75	Q.png	l.png	601498.89	601498.88	0.30	-0.02HC01S4	4	1	14	1	0.75	0	7	0	0.25	0.75	Q.png	l.png	601501.42	601501.41	0.24	-0.01
1	0.75	0	7	0	0.25	0.75	Q.png	l.png	601501.42	601501.41	0.24	-0.01HC01S4	4	1	15	1	0.75	1	8	0	0.75	0.25	l.png	Q.png	601503.81	601503.80	0.34	-0.01
1	0.75	1	8	0	0.75	0.25	l.png	Q.png	601503.81	601503.80	0.34	-0.01HC01S4	4	1	16	1	0.75	1	9	0	0.25	0.75	Q.png	l.png	601506.29	601506.28	0.42	-0.01
1	0.75	1	9	0	0.25	0.75	Q.png	l.png	601506.29	601506.28	0.42	-0.01HC01S4	4	1	17	1	0.75	0	9	0	0.25	0.75	Q.png	l.png	601509.07	601509.06	0.34	-0.01
1	0.75	0	9	0	0.25	0.75	Q.png	l.png	601509.07	601509.06	0.34	-0.01HC01S4	4	1	18	1	0.75	1	10	0	0.25	0.75	Q.png	l.png	601511.57	601511.56	0.45	-0.01
1	0.75	1	10	0	0.25	0.75	Q.png	l.png	601511.57	601511.56	0.45	-0.01HC01S4	4	1	19	1	0.75	1	11	0	0.25	0.75	Q.png	l.png	601514.34	601514.33	0.40	-0.01
1	0.75	1	11	0	0.25	0.75	Q.png	l.png	601514.34	601514.33	0.40	-0.01HC01S4	4	1	20	2	0.25	0	11	0	0.75	0.25	l.png	Q.png	601516.71	601516.69	0.29	-0.01
2	0.25	0	11	0	0.75	0.25	l.png	Q.png	601516.71	601516.69	0.29	-0.01HC01S4	4	2	1	1	0.75	1	1	11	0.25	0.75	y.png	w.png	601535.85	601535.84	0.24	-0.01
1	0.75	1	1	11	0.25	0.75	y.png	w.png	601535.85	601535.84	0.24	-0.01HC01S4	4	2	2	1	0.75	1	2	11	0.75	0.25	w.png	y.png	601538.42	601538.41	0.32	-0.01
1	0.75	1	2	11	0.75	0.25	w.png	y.png	601538.42	601538.41	0.32	-0.01HC01S4	4	2	3	1	0.75	1	3	11	0.25	0.75	y.png	w.png	601541.34	601541.33	0.46	-0.01
1	0.75	1	3	11	0.25	0.75	y.png	w.png	601541.34	601541.33	0.46	-0.01HC01S4	4	2	4	1	0.75	1	4	11	0.25	0.75	y.png	w.png	601544.70	601544.69	0.49	-0.01
1	0.75	1	4	11	0.25	0.75	y.png	w.png	601544.70	601544.69	0.49	-0.01HC01S4	4	2	5	1	0.75	1	5	11	0.75	0.25	w.png	y.png	601547.39	601547.37	0.30	-0.02
1	0.75	1	5	11	0.75	0.25	w.png	y.png	601547.39	601547.37	0.30	-0.02HC01S4	4	2	6	1	0.75	1	6	11	0.75	0.25	w.png	y.png	601551.06	601551.04	0.23	-0.02
1	0.75	1	6	11	0.75	0.25	w.png	y.png	601551.06	601551.04	0.23	-0.02HC01S4	4	2	7	1	0.75	1	7	11	0.75	0.25	w.png	y.png	601553.72	601553.70	0.34	-0.02
1	0.75	1	7	11	0.75	0.25	w.png	y.png	601553.72	601553.70	0.34	-0.02HC01S4	4	2	8	1	0.75	1	8	11	0.75	0.25	w.png	y.png	601556.16	601556.14	0.30	-0.02
1	0.75	1	8	11	0.75	0.25	w.png	y.png	601556.16	601556.14	0.30	-0.02HC01S4	4	2	9	2	0.25	0	8	11	0.25	0.75	y.png	w.png	601558.84	601558.83	0.40	-0.01
2	0.25	0	8	11	0.25	0.75	y.png	w.png	601558.84	601558.83	0.40	-0.01HC01S4	4	2	10	1	0.75	0	8	11	0.25	0.75	y.png	w.png	601561.19	601561.17	0.22	-0.01
1	0.75	0	8	11	0.25	0.75	y.png	w.png	601561.19	601561.17	0.22	-0.01HC01S4	4	2	11	1	0.75	1	9	11	0.75	0.25	w.png	y.png	601563.34	601563.33	0.40	-0.01
1	0.75	1	9	11	0.75	0.25	w.png	y.png	601563.34	601563.33	0.40	-0.01HC01S4	4	2	12	1	0.75	1	10	11	0.25	0.75	y.png	w.png	601566.00	601565.98	0.38	-0.02
1	0.75	1	10	11	0.25	0.75	y.png	w.png	601566.00	601565.98	0.38	-0.02HC01S4	4	2	13	1	0.75	1	11	11	0.25	0.75	y.png	w.png	601568.60	601568.59	0.21	-0.01
1	0.75	1	11	11	0.25	0.75	y.png	w.png	601568.60	601568.59	0.21	-0.01HC01S4	4	2	14	1	0.75	1	12	11	0.75	0.25	w.png	y.png	601571.63	601571.41	0.22	-0.22
1	0.75	1	12	11	0.75	0.25	w.png	y.png	601571.63	601571.41	0.22	-0.22HC01S4	4	2	15	1	0.75	1	13	11	0.25	0.75	y.png	w.png	601574.18	601574.17	0.34	-0.01
1	0.75	1	13	11	0.25	0.75	y.png	w.png	601574.18	601574.17	0.34	-0.01HC01S4	4	2	16	1	0.75	0	13	11	0.25	0.75	y.png	w.png	601576.87	601576.85	0.40	-0.01
1	0.75	0	13	11	0.25	0.75	y.png	w.png	601576.87	601576.85	0.40	-0.01HC01S4	4	2	17	1	0.75	1	14	11	0.75	0.25	w.png	y.png	601579.29	601579.27	0.43	-0.02
1	0.75	1	14	11	0.75	0.25	w.png	y.png	601579.29	601579.27	0.43	-0.02HC01S4	4	2	18	1	0.75	1	15	11	0.75	0.25	w.png	y.png	601582.07	601582.06	0.41	-0.01
1	0.75	1	15	11	0.75	0.25	w.png	y.png	601582.07	601582.06	0.41	-0.01HC01S4	4	2	19	1	0.75	1	16	11	0.75	0.25	w.png	y.png	601584.60	601584.59	0.47	-0.01
1	0.75	1	16	11	0.75	0.25	w.png	y.png	601584.60	601584.59	0.47	-0.01HC01S4	4	2	20	1	0.75	0	16	11	0.25	0.75	y.png	w.png	601587.37	601587.36	0.36	-0.02
1	0.75	0	16	11	0.25	0.75	y.png	w.png	601587.37	601587.36	0.36	-0.02HC01S4	4	3	1	2	0.25	0	0	27	0.25	0.75	r.png	p.png	601599.66	601599.64	0.36	-0.02
2	0.25	0	0	27	0.25	0.75	r.png	p.png	601599.66	601599.64	0.36	-0.02HC01S4	4	3	2	1	0.75	1	1	27	0.25	0.75	r.png	p.png	601602.88	601602.87	0.40	-0.01
1	0.75	1	1	27	0.25	0.75	r.png	p.png	601602.88	601602.87	0.40	-0.01HC01S4	4	3	3	1	0.75	1	2	27	0.25	0.75	r.png	p.png	601605.62	601605.60	0.37	-0.01
1	0.75	1	2	27	0.25	0.75	r.png	p.png	601605.62	601605.60	0.37	-0.01HC01S4	4	3	4	1	0.75	1	3	27	0.75	0.25	p.png	r.png	601608.35	601608.34	0.27	-0.01
1	0.75	1	3	27	0.75	0.25	p.png	r.png	601608.35	601608.34	0.27	-0.01HC01S4	4	3	5	1	0.75	1	4	27	0.25	0.75	r.png	p.png	601610.78	601610.76	0.37	-0.02
1	0.75	1	4	27	0.25	0.75	r.png	p.png	601610.78	601610.76	0.37	-0.02HC01S4	4	3	6	1	0.75	1	5	27	0.25	0.75	r.png	p.png	601613.51	601613.50	0.23	-0.01
1	0.75	1	5	27	0.25	0.75	r.png	p.png	601613.51	601613.50	0.23	-0.01HC01S4	4	3	7	1	0.75	1	6	27	0.25	0.75	r.png	p.png	601616.51	601616.50	0.49	-0.01
1	0.75	1	6	27	0.25	0.75	r.png	p.png	601616.51	601616.50	0.49	-0.01HC01S4	4	3	8	1	0.75	1	7	27	0.25	0.75	r.png	p.png	601619.26	601619.25	0.46	-0.01
1	0.75	1	7	27	0.25	0.75	r.png	p.png	601619.26	601619.25	0.46	-0.01HC01S4	4	3	9	1	0.75	1	8	27	0.75	0.25	p.png	r.png	601622.10	601622.09	0.48	-0.01
1	0.75	1	8	27	0.75	0.25	p.png	r.png	601622.10	601622.09	0.48	-0.01HC01S4	4	3	10	1	0.75	1	9	27	0.75	0.25	p.png	r.png	601624.72	601624.70	0.28	-0.02
1	0.75	1	9	27	0.75	0.25	p.png	r.png	601624.72	601624.70	0.28	-0.02HC01S4	4	3	11	1	0.75	1	10	27	0.75	0.25	p.png	r.png	601627.48	601627.46	0.47	-0.02
1	0.75	1	10	27	0.75	0.25	p.png	r.png	601627.48	601627.46	0.47	-0.02HC01S4	4	3	12	1	0.75	1	11	27	0.75	0.25	p.png	r.png	601630.43	601630.42	0.49	-0.02
1	0.75	1	11	27	0.75	0.25	p.png	r.png	601630.43	601630.42	0.49	-0.02HC01S4	4	3	13	1	0.75	1	12	27	0.75	0.25	p.png	r.png	601632.82	601632.81	0.33	-0.01
1	0.75	1	12	27	0.75	0.25	p.png	r.png	601632.82	601632.81	0.33	-0.01HC01S4	4	3	14	1	0.75	1	13	27	0.25	0.75	r.png	p.png	601635.92	601635.90	0.45	-0.02
1	0.75	1	13	27	0.25	0.75	r.png	p.png	601635.92	601635.90	0.45	-0.02HC01S4	4	3	15	1	0.75	0	13	27	0.75	0.25	p.png	r.png	601640.30	601640.29	0.24	-0.01
1	0.75	0	13	27	0.75	0.25	p.png	r.png	601640.30	601640.29	0.24	-0.01HC01S4	4	3	16	2	0.25	0	13	27	0.25	0.75	r.png	p.png	601642.76	601642.74	0.42	-0.02
2	0.25	0	13	27	0.25	0.75	r.png	p.png	601642.76	601642.74	0.42	-0.02HC01S4	4	3	17	1	0.75	1	14	27	0.75	0.25	p.png	r.png	601645.12	601645.11	0.36	-0.01
1	0.75	1	14	27	0.75	0.25	p.png	r.png	601645.12	601645.11	0.36	-0.01HC01S4	4	3	18	1	0.75	1	15	27	0.75	0.25	p.png	r.png	601647.71	601647.70	0.21	-0.02
1	0.75	1	15	27	0.75	0.25	p.png	r.png	601647.71	601647.70	0.21	-0.02HC01S4	4	3	19	1	0.75	1	16	27	0.75	0.25	p.png	r.png	601650.61	601650.59	0.26	-0.02
1	0.75	1	16	27	0.75	0.25	p.png	r.png	601650.61	601650.59	0.26	-0.02HC01S4	4	3	20	1	0.75	1	17	27	0.25	0.75	r.png	p.png	601653.39	601653.37	0.32	-0.02
1	0.75	1	17	27	0.25	0.75	r.png	p.png	601653.39	601653.37	0.32	-0.02HC01S4	4	4	1	1	0.25	0	0	44	0.75	0.25	d.png	a.png	601663.62	601663.62	0.33	-0.01
1	0.25	0	0	44	0.75	0.25	d.png	a.png	601663.62	601663.62	0.33	-0.01HC01S4	4	4	2	2	0.75	1	1	44	0.75	0.25	d.png	a.png	601665.95	601665.93	0.26	-0.02
2	0.75	1	1	44	0.75	0.25	d.png	a.png	601665.95	601665.93	0.26	-0.02HC01S4	4	4	3	2	0.75	1	2	44	0.75	0.25	d.png	a.png	601669.35	601669.33	0.36	-0.02
2	0.75	1	2	44	0.75	0.25	d.png	a.png	601669.35	601669.33	0.36	-0.02HC01S4	4	4	4	2	0.75	0	2	44	0.75	0.25	d.png	a.png	601671.92	601671.90	0.32	-0.02
2	0.75	0	2	44	0.75	0.25	d.png	a.png	601671.92	601671.90	0.32	-0.02HC01S4	4	4	5	2	0.75	1	3	44	0.75	0.25	d.png	a.png	601674.11	601674.10	0.44	-0.01
2	0.75	1	3	44	0.75	0.25	d.png	a.png	601674.11	601674.10	0.44	-0.01HC01S4	4	4	6	2	0.75	1	4	44	0.75	0.25	d.png	a.png	601676.47	601676.46	0.31	-0.01
2	0.75	1	4	44	0.75	0.25	d.png	a.png	601676.47	601676.46	0.31	-0.01HC01S4	4	4	7	2	0.75	1	5	44	0.25	0.75	a.png	d.png	601679.11	601679.10	0.33	-0.02
2	0.75	1	5	44	0.25	0.75	a.png	d.png	601679.11	601679.10	0.33	-0.02HC01S4	4	4	8	2	0.75	1	6	44	0.25	0.75	a.png	d.png	601681.88	601681.86	0.47	-0.01
2	0.75	1	6	44	0.25	0.75	a.png	d.png	601681.88	601681.86	0.47	-0.01HC01S4	4	4	9	2	0.75	1	7	44	0.75	0.25	d.png	a.png	601684.49	601684.48	0.26	-0.01
2	0.75	1	7	44	0.75	0.25	d.png	a.png	601684.49	601684.48	0.26	-0.01HC01S4	4	4	10	2	0.75	0	7	44	0.75	0.25	d.png	a.png	601687.07	601687.06	0.21	-0.01
2	0.75	0	7	44	0.75	0.25	d.png	a.png	601687.07	601687.06	0.21	-0.01HC01S4	4	4	11	1	0.25	0	7	44	0.25	0.75	a.png	d.png	601689.10	601689.08	0.23	-0.02
1	0.25	0	7	44	0.25	0.75	a.png	d.png	601689.10	601689.08	0.23	-0.02HC01S4	4	4	12	2	0.75	1	8	44	0.75	0.25	d.png	a.png	601691.89	601691.88	0.49	-0.01
2	0.75	1	8	44	0.75	0.25	d.png	a.png	601691.89	601691.88	0.49	-0.01HC01S4	4	4	13	2	0.75	1	9	44	0.25	0.75	a.png	d.png	601694.58	601694.56	0.28	-0.02
2	0.75	1	9	44	0.25	0.75	a.png	d.png	601694.58	601694.56	0.28	-0.02HC01S4	4	4	14	2	0.75	0	9	44	0.75	0.25	d.png	a.png	601697.47	601697.45	0.46	-0.02
2	0.75	0	9	44	0.75	0.25	d.png	a.png	601697.47	601697.45	0.46	-0.02HC01S4	4	4	15	2	0.75	1	10	44	0.25	0.75	a.png	d.png	601699.77	601699.75	0.25	-0.02
2	0.75	1	10	44	0.25	0.75	a.png	d.png	601699.77	601699.75	0.25	-0.02HC01S4	4	4	16	2	0.75	1	11	44	0.25	0.75	a.png	d.png	601702.66	601702.65	0.48	-0.01
2	0.75	1	11	44	0.25	0.75	a.png	d.png	601702.66	601702.65	0.48	-0.01HC01S4	4	4	17	2	0.75	1	12	44	0.75	0.25	d.png	a.png	601705.36	601705.34	0.44	-0.02
2	0.75	1	12	44	0.75	0.25	d.png	a.png	601705.36	601705.34	0.44	-0.02HC01S4	4	4	18	2	0.75	0	12	44	0.75	0.25	d.png	a.png	601708.06	601708.05	0.39	-0.02
2	0.75	0	12	44	0.75	0.25	d.png	a.png	601708.06	601708.05	0.39	-0.02HC01S4	4	4	19	2	0.75	1	13	44	0.75	0.25	d.png	a.png	601710.29	601710.27	0.28	-0.01
2	0.75	1	13	44	0.75	0.25	d.png	a.png	601710.29	601710.27	0.28	-0.01HC01S4	4	4	20	1	0.25	1	14	44	0.25	0.75	a.png	d.png	601712.85	601712.84	0.50	-0.01
1	0.25	1	14	44	0.25	0.75	a.png	d.png	601712.85	601712.84	0.50	-0.01HC01S4	4	5	1	1	0.25	0	0	58	0.25	0.75	j.png	b.png	601722.06	601722.05	0.40	-0.01
1	0.25	0	0	58	0.25	0.75	j.png	b.png	601722.06	601722.05	0.40	-0.01HC01S4	4	5	2	2	0.75	0	0	58	0.75	0.25	b.png	j.png	601724.42	601724.41	0.29	-0.01
2	0.75	0	0	58	0.75	0.25	b.png	j.png	601724.42	601724.41	0.29	-0.01HC01S4	4	5	3	2	0.75	1	1	58	0.25	0.75	j.png	b.png	601726.74	601726.72	0.28	-0.01
2	0.75	1	1	58	0.25	0.75	j.png	b.png	601726.74	601726.72	0.28	-0.01HC01S4	4	5	4	2	0.75	1	2	58	0.25	0.75	j.png	b.png	601729.49	601729.47	0.33	-0.02
2	0.75	1	2	58	0.25	0.75	j.png	b.png	601729.49	601729.47	0.33	-0.02HC01S4	4	5	5	2	0.75	1	3	58	0.25	0.75	j.png	b.png	601732.27	601732.26	0.49	-0.01
2	0.75	1	3	58	0.25	0.75	j.png	b.png	601732.27	601732.26	0.49	-0.01HC01S4	4	5	6	2	0.75	1	4	58	0.25	0.75	j.png	b.png	601734.91	601734.89	0.30	-0.02
2	0.75	1	4	58	0.25	0.75	j.png	b.png	601734.91	601734.89	0.30	-0.02HC01S4	4	5	7	2	0.75	1	5	58	0.75	0.25	b.png	j.png	601737.53	601737.53	0.30	-0.01
2	0.75	1	5	58	0.75	0.25	b.png	j.png	601737.53	601737.53	0.30	-0.01HC01S4	4	5	8	2	0.75	0	5	58	0.25	0.75	j.png	b.png	601740.02	601740.00	0.22	-0.01
2	0.75	0	5	58	0.25	0.75	j.png	b.png	601740.02	601740.00	0.22	-0.01HC01S4	4	5	9	2	0.75	0	5	58	0.75	0.25	b.png	j.png	601743.30	601743.28	0.33	-0.01
2	0.75	0	5	58	0.75	0.25	b.png	j.png	601743.30	601743.28	0.33	-0.01HC01S4	4	5	10	1	0.25	0	5	58	0.25	0.75	j.png	b.png	601746.08	601746.06	0.40	-0.01
1	0.25	0	5	58	0.25	0.75	j.png	b.png	601746.08	601746.06	0.40	-0.01HC01S4	4	5	11	2	0.75	1	6	58	0.75	0.25	b.png	j.png	601748.42	601748.40	0.44	-0.02
2	0.75	1	6	58	0.75	0.25	b.png	j.png	601748.42	601748.40	0.44	-0.02HC01S4	4	5	12	2	0.75	0	6	58	0.75	0.25	b.png	j.png	601750.92	601750.91	0.44	-0.01
2	0.75	0	6	58	0.75	0.25	b.png	j.png	601750.92	601750.91	0.44	-0.01HC01S4	4	5	13	2	0.75	1	7	58	0.75	0.25	b.png	j.png	601752.99	601752.98	0.33	-0.01
2	0.75	1	7	58	0.75	0.25	b.png	j.png	601752.99	601752.98	0.33	-0.01HC01S4	4	5	14	2	0.75	1	8	58	0.25	0.75	j.png	b.png	601755.66	601755.43	0.35	-0.23
2	0.75	1	8	58	0.25	0.75	j.png	b.png	601755.66	601755.43	0.35	-0.23HC01S4	4	5	15	2	0.75	1	9	58	0.75	0.25	b.png	j.png	601758.34	601758.33	0.31	-0.01
2	0.75	1	9	58	0.75	0.25	b.png	j.png	601758.34	601758.33	0.31	-0.01HC01S4	4	5	16	2	0.75	1	10	58	0.75	0.25	b.png	j.png	601761.09	601761.08	0.44	-0.01
2	0.75	1	10	58	0.75	0.25	b.png	j.png	601761.09	601761.08	0.44	-0.01HC01S4	4	5	17	2	0.75	1	11	58	0.25	0.75	j.png	b.png	601763.68	601763.66	0.26	-0.02
2	0.75	1	11	58	0.25	0.75	j.png	b.png	601763.68	601763.66	0.26	-0.02HC01S4	4	5	18	1	0.25	1	12	58	0.25	0.75	j.png	b.png	601766.30	601766.29	0.21	-0.01
1	0.25	1	12	58	0.25	0.75	j.png	b.png	601766.30	601766.29	0.21	-0.01HC01S4	4	5	19	2	0.75	1	13	58	0.25	0.75	j.png	b.png	601769.25	601769.23	0.37	-0.01
2	0.75	1	13	58	0.25	0.75	j.png	b.png	601769.25	601769.23	0.37	-0.01HC01S4	4	5	20	2	0.75	0	13	58	0.25	0.75	j.png	b.png	601772.04	601772.03	0.36	-0.01
2	0.75	0	13	58	0.25	0.75	j.png	b.png	601772.04	601772.03	0.36	-0.01HC01S4	4	6	1	2	0.75	1	1	71	0.25	0.75	s.png	c.png	601779.95	601779.94	0.20	-0.01
2	0.75	1	1	71	0.25	0.75	s.png	c.png	601779.95	601779.94	0.20	-0.01HC01S4	4	6	2	2	0.75	1	2	71	0.75	0.25	c.png	s.png	601782.43	601782.42	0.23	-0.01
2	0.75	1	2	71	0.75	0.25	c.png	s.png	601782.43	601782.42	0.23	-0.01HC01S4	4	6	3	2	0.75	0	2	71	0.75	0.25	c.png	s.png	601785.14	601785.12	0.38	-0.01
2	0.75	0	2	71	0.75	0.25	c.png	s.png	601785.14	601785.12	0.38	-0.01HC01S4	4	6	4	2	0.75	0	2	71	0.75	0.25	c.png	s.png	601787.56	601787.54	0.40	-0.02
2	0.75	0	2	71	0.75	0.25	c.png	s.png	601787.56	601787.54	0.40	-0.02HC01S4	4	6	5	2	0.75	1	3	71	0.75	0.25	c.png	s.png	601789.76	601789.75	0.45	-0.01
2	0.75	1	3	71	0.75	0.25	c.png	s.png	601789.76	601789.75	0.45	-0.01HC01S4	4	6	6	2	0.75	1	4	71	0.25	0.75	s.png	c.png	601792.54	601792.52	0.24	-0.02
2	0.75	1	4	71	0.25	0.75	s.png	c.png	601792.54	601792.52	0.24	-0.02HC01S4	4	6	7	2	0.75	1	5	71	0.75	0.25	c.png	s.png	601795.21	601795.20	0.43	-0.01
2	0.75	1	5	71	0.75	0.25	c.png	s.png	601795.21	601795.20	0.43	-0.01HC01S4	4	6	8	2	0.75	1	6	71	0.25	0.75	s.png	c.png	601797.71	601797.70	0.21	-0.01
2	0.75	1	6	71	0.25	0.75	s.png	c.png	601797.71	601797.70	0.21	-0.01HC01S4	4	6	9	2	0.75	1	7	71	0.25	0.75	s.png	c.png	601800.41	601800.39	0.28	-0.01
2	0.75	1	7	71	0.25	0.75	s.png	c.png	601800.41	601800.39	0.28	-0.01HC01S4	4	6	10	2	0.75	1	8	71	0.25	0.75	s.png	c.png	601803.10	601803.08	0.37	-0.01
2	0.75	1	8	71	0.25	0.75	s.png	c.png	601803.10	601803.08	0.37	-0.01HC01S4	4	6	11	2	0.75	0	8	71	0.25	0.75	s.png	c.png	601805.76	601805.74	0.40	-0.02
2	0.75	0	8	71	0.25	0.75	s.png	c.png	601805.76	601805.74	0.40	-0.02HC01S4	4	6	12	2	0.75	1	9	71	0.25	0.75	s.png	c.png	601807.98	601807.97	0.25	-0.01
2	0.75	1	9	71	0.25	0.75	s.png	c.png	601807.98	601807.97	0.25	-0.01HC01S4	4	6	13	2	0.75	0	9	71	0.25	0.75	s.png	c.png	601810.53	601810.52	0.32	-0.02
2	0.75	0	9	71	0.25	0.75	s.png	c.png	601810.53	601810.52	0.32	-0.02HC01S4	4	6	14	2	0.75	1	10	71	0.75	0.25	c.png	s.png	601812.95	601812.94	0.29	-0.01
2	0.75	1	10	71	0.75	0.25	c.png	s.png	601812.95	601812.94	0.29	-0.01HC01S4	4	6	15	1	0.25	0	10	71	0.75	0.25	c.png	s.png	601815.50	601815.48	0.37	-0.02
1	0.25	0	10	71	0.75	0.25	c.png	s.png	601815.50	601815.48	0.37	-0.02HC01S4	4	6	16	2	0.75	1	11	71	0.75	0.25	c.png	s.png	601818.20	601818.18	0.50	-0.02
2	0.75	1	11	71	0.75	0.25	c.png	s.png	601818.20	601818.18	0.50	-0.02HC01S4	4	6	17	1	0.25	0	11	71	0.75	0.25	c.png	s.png	601820.68	601820.67	0.22	-0.01
1	0.25	0	11	71	0.75	0.25	c.png	s.png	601820.68	601820.67	0.22	-0.01HC01S4	4	6	18	2	0.75	1	12	71	0.75	0.25	c.png	s.png	601822.80	601822.79	0.38	-0.01
2	0.75	1	12	71	0.75	0.25	c.png	s.png	601822.80	601822.79	0.38	-0.01HC01S4	4	6	19	2	0.75	1	13	71	0.75	0.25	c.png	s.png	601825.57	601825.56	0.44	-0.01
2	0.75	1	13	71	0.75	0.25	c.png	s.png	601825.57	601825.56	0.44	-0.01HC01S4	4	6	20	2	0.75	1	14	71	0.75	0.25	c.png	s.png	601828.86	601828.85	0.25	-0.02
2	0.75	1	14	71	0.75	0.25	c.png	s.png	601828.86	601828.85	0.25	-0.02