HC01S2	2	1	1	1	0.75	1	1	0	0.75	0.25	a.png	t.png	600558.67	600558.66	0.26	-0.01
1	0.75	1	1	0	0.75	0.25	a.png	t.png	600558.67	600558.66	0.26	-0.01HC01S2	2	1	2	1	0.75	1	2	0	0.25	0.75	t.png	a.png	600561.46	600561.44	0.34	-0.01
1	0.75	1	2	0	0.25	0.75	t.png	a.png	600561.46	600561.44	0.34	-0.01HC01S2	2	1	3	1	0.75	1	3	0	0.25	0.75	t.png	a.png	600564.35	600564.34	0.42	-0.01
1	0.75	1	3	0	0.25	0.75	t.png	a.png	600564.35	600564.34	0.42	-0.01HC01S2	2	1	4	1	0.75	1	4	0	0.25	0.75	t.png	a.png	600567.03	600567.01	0.21	-0.02
1	0.75	1	4	0	0.25	0.75	t.png	a.png	600567.03	600567.01	0.21	-0.02HC01S2	2	1	5	1	0.75	1	5	0	0.25	0.75	t.png	a.png	600569.85	600569.84	0.40	-0.01
1	0.75	1	5	0	0.25	0.75	t.png	a.png	600569.85	600569.84	0.40	-0.01HC01S2	2	1	6	1	0.75	0	5	0	0.75	0.25	a.png	t.png	600572.63	600572.62	0.37	-0.01
1	0.75	0	5	0	0.75	0.25	a.png	t.png	600572.63	600572.62	0.37	-0.01HC01S2	2	1	7	1	0.75	0	5	0	0.25	0.75	t.png	a.png	600576.00	600575.52	0.47	-0.47
1	0.75	0	5	0	0.25	0.75	t.png	a.png	600576.00	600575.52	0.47	-0.47HC01S2	2	1	8	1	0.75	1	6	0	0.75	0.25	a.png	t.png	600578.09	600578.07	0.27	-0.02
1	0.75	1	6	0	0.75	0.25	a.png	t.png	600578.09	600578.07	0.27	-0.02HC01S2	2	1	9	2	0.25	0	6	0	0.25	0.75	t.png	a.png	600580.77	600580.75	0.26	-0.02
2	0.25	0	6	0	0.25	0.75	t.png	a.png	600580.77	600580.75	0.26	-0.02HC01S2	2	1	10	1	0.75	0	6	0	0.25	0.75	t.png	a.png	600583.01	600582.99	0.20	-0.02
1	0.75	0	6	0	0.25	0.75	t.png	a.png	600583.01	600582.99	0.20	-0.02HC01S2	2	1	11	1	0.75	1	7	0	0.75	0.25	a.png	t.png	600587.19	600587.18	0.34	-0.01
1	0.75	1	7	0	0.75	0.25	a.png	t.png	600587.19	600587.18	0.34	-0.01HC01S2	2	1	12	1	0.75	1	8	0	0.75	0.25	a.png	t.png	600589.72	600589.70	0.21	-0.02
1	0.75	1	8	0	0.75	0.25	a.png	t.png	600589.72	600589.70	0.21	-0.02HC01S2	2	1	13	1	0.75	1	9	0	0.25	0.75	t.png	a.png	600592.56	600592.54	0.33	-0.01
1	0.75	1	9	0	0.25	0.75	t.png	a.png	600592.56	600592.54	0.33	-0.01HC01S2	2	1	14	1	0.75	0	9	0	0.25	0.75	t.png	a.png	600595.70	600595.69	0.26	-0.01
1	0.75	0	9	0	0.25	0.75	t.png	a.png	600595.70	600595.69	0.26	-0.01HC01S2	2	1	15	1	0.75	1	10	0	0.75	0.25	a.png	t.png	600598.27	600598.26	0.42	-0.02
1	0.75	1	10	0	0.75	0.25	a.png	t.png	600598.27	600598.26	0.42	-0.02HC01S2	2	1	16	1	0.75	0	10	0	0.75	0.25	a.png	t.png	600601.12	600601.12	0.35	-0.01
1	0.75	0	10	0	0.75	0.25	a.png	t.png	600601.12	600601.12	0.35	-0.01HC01S2	2	1	17	1	0.75	1	11	0	0.25	0.75	t.png	a.png	600603.58	600603.57	0.46	-0.01
1	0.75	1	11	0	0.25	0.75	t.png	a.png	600603.58	600603.57	0.46	-0.01HC01S2	2	1	18	1	0.75	1	12	0	0.75	0.25	a.png	t.png	600606.72	600606.70	0.27	-0.01
1	0.75	1	12	0	0.75	0.25	a.png	t.png	600606.72	600606.70	0.27	-0.01HC01S2	2	1	19	1	0.75	1	13	0	0.75	0.25	a.png	t.png	600609.49	600609.47	0.33	-0.02
1	0.75	1	13	0	0.75	0.25	a.png	t.png	600609.49	600609.47	0.33	-0.02HC01S2	2	1	20	1	0.75	1	14	0	0.25	0.75	t.png	a.png	600612.21	600612.20	0.30	-0.01
1	0.75	1	14	0	0.25	0.75	t.png	a.png	600612.21	600612.20	0.30	-0.01HC01S2	2	2	1	1	0.75	0	0	14	0.25	0.75	u.png	l.png	600627.95	600627.94	0.42	-0.01
1	0.75	0	0	14	0.25	0.75	u.png	l.png	600627.95	600627.94	0.42	-0.01HC01S2	2	2	2	2	0.25	1	1	14	0.75	0.25	l.png	u.png	600630.41	600630.40	0.41	-0.01
2	0.25	1	1	14	0.75	0.25	l.png	u.png	600630.41	600630.40	0.41	-0.01HC01S2	2	2	3	2	0.25	0	1	14	0.25	0.75	u.png	l.png	600633.41	600633.40	0.48	-0.02
2	0.25	0	1	14	0.25	0.75	u.png	l.png	600633.41	600633.40	0.48	-0.02HC01S2	2	2	4	2	0.25	0	1	14	0.75	0.25	l.png	u.png	600635.89	600635.87	0.20	-0.02
2	0.25	0	1	14	0.75	0.25	l.png	u.png	600635.89	600635.87	0.20	-0.02HC01S2	2	2	5	1	0.75	0	1	14	0.75	0.25	l.png	u.png	600638.41	600638.39	0.39	-0.02
1	0.75	0	1	14	0.75	0.25	l.png	u.png	600638.41	600638.39	0.39	-0.02HC01S2	2	2	6	2	0.25	1	2	14	0.75	0.25	l.png	u.png	600640.82	600640.81	0.42	-0.01
2	0.25	1	2	14	0.75	0.25	l.png	u.png	600640.82	600640.81	0.42	-0.01HC01S2	2	2	7	2	0.25	1	3	14	0.75	0.25	l.png	u.png	600643.62	600643.61	0.31	-0.01
2	0.25	1	3	14	0.75	0.25	l.png	u.png	600643.62	600643.61	0.31	-0.01HC01S2	2	2	8	2	0.25	1	4	14	0.25	0.75	u.png	l.png	600646.82	600646.81	0.24	-0.01
2	0.25	1	4	14	0.25	0.75	u.png	l.png	600646.82	600646.81	0.24	-0.01HC01S2	2	2	9	2	0.25	0	4	14	0.25	0.75	u.png	l.png	600649.32	600649.30	0.31	-0.01
2	0.25	0	4	14	0.25	0.75	u.png	l.png	600649.32	600649.30	0.31	-0.01HC01S2	2	2	10	2	0.25	0	4	14	0.75	0.25	l.png	u.png	600651.87	600651.85	0.32	-0.02
2	0.25	0	4	14	0.75	0.25	l.png	u.png	600651.87	600651.85	0.32	-0.02HC01S2	2	2	11	1	0.75	1	5	14	0.75	0.25	l.png	u.png	600654.01	600654.00	0.39	-0.01
1	0.75	1	5	14	0.75	0.25	l.png	u.png	600654.01	600654.00	0.39	-0.01HC01S2	2	2	12	1	0.75	0	5	14	0.25	0.75	u.png	l.png	600656.93	600656.91	0.36	-0.02
1	0.75	0	5	14	0.25	0.75	u.png	l.png	600656.93	600656.91	0.36	-0.02HC01S2	2	2	13	2	0.25	0	5	14	0.75	0.25	l.png	u.png	600659.39	600659.38	0.32	-0.02
2	0.25	0	5	14	0.75	0.25	l.png	u.png	600659.39	600659.38	0.32	-0.02HC01S2	2	2	14	2	0.25	1	6	14	0.25	0.75	u.png	l.png	600661.51	600661.50	0.38	-0.01
2	0.25	1	6	14	0.25	0.75	u.png	l.png	600661.51	600661.50	0.38	-0.01HC01S2	2	2	15	1	0.75	1	7	14	0.75	0.25	l.png	u.png	600664.04	600664.03	0.46	-0.01
1	0.75	1	7	14	0.75	0.25	l.png	u.png	600664.04	600664.03	0.46	-0.01HC01S2	2	2	16	1	0.75	0	7	14	0.75	0.25	l.png	u.png	600666.39	600666.37	0.21	-0.01
1	0.75	0	7	14	0.75	0.25	l.png	u.png	600666.39	600666.37	0.21	-0.01HC01S2	2	2	17	2	0.25	0	7	14	0.75	0.25	l.png	u.png	600668.72	600668.70	0.21	-0.02
2	0.25	0	7	14	0.75	0.25	l.png	u.png	600668.72	600668.70	0.21	-0.02HC01S2	2	2	18	1	0.75	1	8	14	0.75	0.25	l.png	u.png	600671.25	600671.23	0.50	-0.02
1	0.75	1	8	14	0.75	0.25	l.png	u.png	600671.25	600671.23	0.50	-0.02HC01S2	2	2	19	1	0.75	1	9	14	0.75	0.25	l.png	u.png	600674.03	600674.01	0.34	-0.02
1	0.75	1	9	14	0.75	0.25	l.png	u.png	600674.03	600674.01	0.34	-0.02HC01S2	2	2	20	1	0.75	0	9	14	0.75	0.25	l.png	u.png	600676.71	600676.70	0.21	-0.01
1	0.75	0	9	14	0.75	0.25	l.png	u.png	600676.71	600676.70	0.21	-0.01HC01S2	2	3	1	1	0.75	0	0	23	0.75	0.25	j.png	d.png	600687.04	600687.03	0.43	-0.01
1	0.75	0	0	23	0.75	0.25	j.png	d.png	600687.04	600687.03	0.43	-0.01HC01S2	2	3	2	2	0.25	0	0	23	0.75	0.25	j.png	d.png	600689.25	600689.23	0.21	-0.02
2	0.25	0	0	23	0.75	0.25	j.png	d.png	600689.25	600689.23	0.21	-0.02HC01S2	2	3	3	1	0.75	0	0	23	0.75	0.25	j.png	d.png	600691.32	600691.19	0.20	-0.13
1	0.75	0	0	23	0.75	0.25	j.png	d.png	600691.32	600691.19	0.20	-0.13HC01S2	2	3	4	2	0.25	0	0	23	0.25	0.75	d.png	j.png	600693.52	600693.51	0.20	-0.01
2	0.25	0	0	23	0.25	0.75	d.png	j.png	600693.52	600693.51	0.20	-0.01HC01S2	2	3	5	2	0.25	1	1	23	0.75	0.25	j.png	d.png	600697.08	600696.78	0.40	-0.30
2	0.25	1	1	23	0.75	0.25	j.png	d.png	600697.08	600696.78	0.40	-0.30HC01S2	2	3	6	2	0.25	0	1	23	0.75	0.25	j.png	d.png	600700.01	600699.99	0.44	-0.01
2	0.25	0	1	23	0.75	0.25	j.png	d.png	600700.01	600699.99	0.44	-0.01HC01S2	2	3	7	2	0.25	1	2	23	0.25	0.75	d.png	j.png	600704.25	600704.24	0.46	-0.01
2	0.25	1	2	23	0.25	0.75	d.png	j.png	600704.25	600704.24	0.46	-0.01HC01S2	2	3	8	1	0.75	1	3	23	0.25	0.75	d.png	j.png	600706.73	600706.72	0.42	-0.01
1	0.75	1	3	23	0.25	0.75	d.png	j.png	600706.73	600706.72	0.42	-0.01HC01S2	2	3	9	2	0.25	0	3	23	0.25	0.75	d.png	j.png	600709.02	600709.01	0.22	-0.01
2	0.25	0	3	23	0.25	0.75	d.png	j.png	600709.02	600709.01	0.22	-0.01HC01S2	2	3	10	2	0.25	0	3	23	0.75	0.25	j.png	d.png	600711.07	600711.06	0.30	-0.01
2	0.25	0	3	23	0.75	0.25	j.png	d.png	600711.07	600711.06	0.30	-0.01HC01S2	2	3	11	1	0.75	1	4	23	0.25	0.75	d.png	j.png	600714.07	600714.05	0.50	-0.02
1	0.75	1	4	23	0.25	0.75	d.png	j.png	600714.07	600714.05	0.50	-0.02HC01S2	2	3	12	1	0.75	1	5	23	0.25	0.75	d.png	j.png	600716.93	600716.92	0.47	-0.01
1	0.75	1	5	23	0.25	0.75	d.png	j.png	600716.93	600716.92	0.47	-0.01HC01S2	2	3	13	1	0.75	1	6	23	0.75	0.25	j.png	d.png	600719.76	600719.75	0.38	-0.02
1	0.75	1	6	23	0.75	0.25	j.png	d.png	600719.76	600719.75	0.38	-0.02HC01S2	2	3	14	1	0.75	1	7	23	0.25	0.75	d.png	j.png	600722.19	600722.18	0.35	-0.01
1	0.75	1	7	23	0.25	0.75	d.png	j.png	600722.19	600722.18	0.35	-0.01HC01S2	2	3	15	1	0.75	0	7	23	0.75	0.25	j.png	d.png	600724.91	600724.89	0.31	-0.01
1	0.75	0	7	23	0.75	0.25	j.png	d.png	600724.91	600724.89	0.31	-0.01HC01S2	2	3	16	1	0.75	1	8	23	0.25	0.75	d.png	j.png	600727.30	600727.29	0.47	-0.01
1	0.75	1	8	23	0.25	0.75	d.png	j.png	600727.30	600727.29	0.47	-0.01HC01S2	2	3	17	2	0.25	0	8	23	0.25	0.75	d.png	j.png	600729.72	600729.70	0.35	-0.02
2	0.25	0	8	23	0.25	0.75	d.png	j.png	600729.72	600729.70	0.35	-0.02HC01S2	2	3	18	1	0.75	1	9	23	0.25	0.75	d.png	j.png	600732.31	600732.29	0.46	-0.02
1	0.75	1	9	23	0.25	0.75	d.png	j.png	600732.31	600732.29	0.46	-0.02HC01S2	2	3	19	1	0.75	0	9	23	0.25	0.75	d.png	j.png	600735.11	600735.10	0.40	-0.01
1	0.75	0	9	23	0.25	0.75	d.png	j.png	600735.11	600735.10	0.40	-0.01HC01S2	2	3	20	1	0.75	1	10	23	0.75	0.25	j.png	d.png	600737.63	600737.62	0.32	-0.02
1	0.75	1	10	23	0.75	0.25	j.png	d.png	600737.63	600737.62	0.32	-0.02HC01S2	2	4	1	2	0.25	1	1	33	0.25	0.75	o.png	v.png	600748.83	600748.81	0.33	-0.02
2	0.25	1	1	33	0.25	0.75	o.png	v.png	600748.83	600748.81	0.33	-0.02HC01S2	2	4	2	2	0.25	0	1	33	0.25	0.75	o.png	v.png	600751.72	600751.71	0.42	-0.02
2	0.25	0	1	33	0.25	0.75	o.png	v.png	600751.72	600751.71	0.42	-0.02HC01S2	2	4	3	2	0.25	1	2	33	0.75	0.25	v.png	o.png	600755.12	600755.10	0.40	-0.01
2	0.25	1	2	33	0.75	0.25	v.png	o.png	600755.12	600755.10	0.40	-0.01HC01S2	2	4	4	2	0.25	1	3	33	0.25	0.75	o.png	v.png	600758.10	600758.09	0.43	-0.01
2	0.25	1	3	33	0.25	0.75	o.png	v.png	600758.10	600758.09	0.43	-0.01HC01S2	2	4	5	2	0.25	0	3	33	0.75	0.25	v.png	o.png	600760.60	600760.59	0.21	-0.01
2	0.25	0	3	33	0.75	0.25	v.png	o.png	600760.60	600760.59	0.21	-0.01HC01S2	2	4	6	2	0.25	0	3	33	0.25	0.75	o.png	v.png	600762.88	600762.87	0.20	-0.02
2	0.25	0	3	33	0.25	0.75	o.png	v.png	600762.88	600762.87	0.20	-0.02HC01S2	2	4	7	1	0.75	1	4	33	0.25	0.75	o.png	v.png	600765.48	600765.47	0.44	-0.01
1	0.75	1	4	33	0.25	0.75	o.png	v.png	600765.48	600765.47	0.44	-0.01HC01S2	2	4	8	1	0.75	1	5	33	0.75	0.25	v.png	o.png	600768.22	600768.21	0.36	-0.01
1	0.75	1	5	33	0.75	0.25	v.png	o.png	600768.22	600768.21	0.36	-0.01HC01S2	2	4	9	1	0.75	1	6	33	0.25	0.75	o.png	v.png	600770.96	600770.95	0.44	-0.01
1	0.75	1	6	33	0.25	0.75	o.png	v.png	600770.96	600770.95	0.44	-0.01HC01S2	2	4	10	2	0.25	1	7	33	0.25	0.75	o.png	v.png	600774.06	600774.05	0.39	-0.01
2	0.25	1	7	33	0.25	0.75	o.png	v.png	600774.06	600774.05	0.39	-0.01HC01S2	2	4	11	2	0.25	1	8	33	0.25	0.75	o.png	v.png	600776.71	600776.70	0.30	-0.01
2	0.25	1	8	33	0.25	0.75	o.png	v.png	600776.71	600776.70	0.30	-0.01HC01S2	2	4	12	2	0.25	1	9	33	0.25	0.75	o.png	v.png	600779.80	600779.79	0.49	-0.01
2	0.25	1	9	33	0.25	0.75	o.png	v.png	600779.80	600779.79	0.49	-0.01HC01S2	2	4	13	2	0.25	0	9	33	0.75	0.25	v.png	o.png	600782.87	600782.86	0.22	-0.01
2	0.25	0	9	33	0.75	0.25	v.png	o.png	600782.87	600782.86	0.22	-0.01HC01S2	2	4	14	2	0.25	1	10	33	0.25	0.75	o.png	v.png	600784.95	600784.94	0.32	-0.01
2	0.25	1	10	33	0.25	0.75	o.png	v.png	600784.95	600784.94	0.32	-0.01HC01S2	2	4	15	2	0.25	0	10	33	0.25	0.75	o.png	v.png	600787.90	600787.88	0.47	-0.02
2	0.25	0	10	33	0.25	0.75	o.png	v.png	600787.90	600787.88	0.47	-0.02HC01S2	2	4	16	2	0.25	0	10	33	0.25	0.75	o.png	v.png	600790.17	600790.16	0.25	-0.01
2	0.25	0	10	33	0.25	0.75	o.png	v.png	600790.17	600790.16	0.25	-0.01HC01S2	2	4	17	2	0.25	0	10	33	0.75	0.25	v.png	o.png	600792.30	600792.28	0.20	-0.02
2	0.25	0	10	33	0.75	0.25	v.png	o.png	600792.30	600792.28	0.20	-0.02HC01S2	2	4	18	2	0.25	1	11	33	0.25	0.75	o.png	v.png	600794.54	600794.53	0.49	-0.01
2	0.25	1	11	33	0.25	0.75	o.png	v.png	600794.54	600794.53	0.49	-0.01HC01S2	2	4	19	2	0.25	1	12	33	0.25	0.75	o.png	v.png	600797.57	600797.56	0.50	-0.02
2	0.25	1	12	33	0.25	0.75	o.png	v.png	600797.57	600797.56	0.50	-0.02HC01S2	2	4	20	2	0.25	0	12	33	0.25	0.75	o.png	v.png	600800.68	600800.66	0.49	-0.01
2	0.25	0	12	33	0.25	0.75	o.png	v.png	600800.68	600800.66	0.49	-0.01HC01S2	2	5	1	1	0.25	0	0	45	0.25	0.75	m.png	r.png	600812.13	600812.12	0.24	-0.01
1	0.25	0	0	45	0.25	0.75	m.png	r.png	600812.13	600812.12	0.24	-0.01HC01S2	2	5	2	2	0.75	1	1	45	0.25	0.75	m.png	r.png	600814.58	600814.56	0.30	-0.01
2	0.75	1	1	45	0.25	0.75	m.png	r.png	600814.58	600814.56	0.30	-0.01HC01S2	2	5	3	2	0.75	1	2	45	0.75	0.25	r.png	m.png	600817.44	600817.43	0.21	-0.01
2	0.75	1	2	45	0.75	0.25	r.png	m.png	600817.44	600817.43	0.21	-0.01HC01S2	2	5	4	2	0.75	1	3	45	0.75	0.25	r.png	m.png	600819.88	600819.87	0.37	-0.01
2	0.75	1	3	45	0.75	0.25	r.png	m.png	600819.88	600819.87	0.37	-0.01HC01S2	2	5	5	2	0.75	1	4	45	0.75	0.25	r.png	m.png	600822.65	600822.64	0.41	-0.01
2	0.75	1	4	45	0.75	0.25	r.png	m.png	600822.65	600822.64	0.41	-0.01HC01S2	2	5	6	2	0.75	1	5	45	0.25	0.75	m.png	r.png	600825.47	600825.30	0.35	-0.18
2	0.75	1	5	45	0.25	0.75	m.png	r.png	600825.47	600825.30	0.35	-0.18HC01S2	2	5	7	2	0.75	1	6	45	0.75	0.25	r.png	m.png	600828.60	600828.17	0.39	-0.42
2	0.75	1	6	45	0.75	0.25	r.png	m.png	600828.60	600828.17	0.39	-0.42HC01S2	2	5	8	2	0.75	1	7	45	0.75	0.25	r.png	m.png	600831.88	600831.86	0.33	-0.02
2	0.75	1	7	45	0.75	0.25	r.png	m.png	600831.88	600831.86	0.33	-0.02HC01S2	2	5	9	2	0.75	0	7	45	0.25	0.75	m.png	r.png	600834.56	600834.45	0.35	-0.11
2	0.75	0	7	45	0.25	0.75	m.png	r.png	600834.56	600834.45	0.35	-0.11HC01S2	2	5	10	2	0.75	1	8	45	0.25	0.75	m.png	r.png	600837.47	600837.45	0.50	-0.02
2	0.75	1	8	45	0.25	0.75	m.png	r.png	600837.47	600837.45	0.50	-0.02HC01S2	2	5	11	1	0.25	1	9	45	0.75	0.25	r.png	m.png	600840.27	600840.26	0.27	-0.02
1	0.25	1	9	45	0.75	0.25	r.png	m.png	600840.27	600840.26	0.27	-0.02HC01S2	2	5	12	2	0.75	0	9	45	0.75	0.25	r.png	m.png	600842.83	600842.82	0.49	-0.01
2	0.75	0	9	45	0.75	0.25	r.png	m.png	600842.83	600842.82	0.49	-0.01HC01S2	2	5	13	2	0.75	0	9	45	0.25	0.75	m.png	r.png	600845.13	600845.11	0.20	-0.01
2	0.75	0	9	45	0.25	0.75	m.png	r.png	600845.13	600845.11	0.20	-0.01HC01S2	2	5	14	2	0.75	1	10	45	0.25	0.75	m.png	r.png	600847.97	600847.63	0.50	-0.34
2	0.75	1	10	45	0.25	0.75	m.png	r.png	600847.97	600847.63	0.50	-0.34HC01S2	2	5	15	2	0.75	0	10	45	0.25	0.75	m.png	r.png	600850.61	600850.60	0.29	-0.01
2	0.75	0	10	45	0.25	0.75	m.png	r.png	600850.61	600850.60	0.29	-0.01HC01S2	2	5	16	2	0.75	1	11	45	0.25	0.75	m.png	r.png	600853.20	600853.06	0.43	-0.14
2	0.75	1	11	45	0.25	0.75	m.png	r.png	600853.20	600853.06	0.43	-0.14HC01S2	2	5	17	2	0.75	1	12	45	0.75	0.25	r.png	m.png	600856.17	600856.16	0.50	-0.01
2	0.75	1	12	45	0.75	0.25	r.png	m.png	600856.17	600856.16	0.50	-0.01HC01S2	2	5	18	2	0.75	0	12	45	0.25	0.75	m.png	r.png	600859.07	600859.05	0.38	-0.01
2	0.75	0	12	45	0.25	0.75	m.png	r.png	600859.07	600859.05	0.38	-0.01HC01S2	2	5	19	1	0.25	1	13	45	0.25	0.75	m.png	r.png	600861.16	600861.15	0.35	-0.01
1	0.25	1	13	45	0.25	0.75	m.png	r.png	600861.16	600861.15	0.35	-0.01HC01S2	2	5	20	2	0.75	0	13	45	0.25	0.75	m.png	r.png	600863.69	600863.68	0.31	-0.01
2	0.75	0	13	45	0.25	0.75	m.png	r.png	600863.69	600863.68	0.31	-0.01HC01S2	2	6	1	2	0.75	1	1	58	0.75	0.25	p.png	y.png	600871.06	600871.05	0.48	-0.01
2	0.75	1	1	58	0.75	0.25	p.png	y.png	600871.06	600871.05	0.48	-0.01HC01S2	2	6	2	2	0.75	1	2	58	0.25	0.75	y.png	p.png	600873.84	600873.82	0.27	-0.01
2	0.75	1	2	58	0.25	0.75	y.png	p.png	600873.84	600873.82	0.27	-0.01HC01S2	2	6	3	1	0.25	1	3	58	0.25	0.75	y.png	p.png	600876.20	600876.18	0.23	-0.02
1	0.25	1	3	58	0.25	0.75	y.png	p.png	600876.20	600876.18	0.23	-0.02HC01S2	2	6	4	2	0.75	1	4	58	0.25	0.75	y.png	p.png	600878.90	600878.88	0.47	-0.02
2	0.75	1	4	58	0.25	0.75	y.png	p.png	600878.90	600878.88	0.47	-0.02HC01S2	2	6	5	2	0.75	0	4	58	0.25	0.75	y.png	p.png	600881.38	600881.37	0.27	-0.01
2	0.75	0	4	58	0.25	0.75	y.png	p.png	600881.38	600881.37	0.27	-0.01HC01S2	2	6	6	2	0.75	1	5	58	0.75	0.25	p.png	y.png	600883.88	600883.87	0.21	-0.01
2	0.75	1	5	58	0.75	0.25	p.png	y.png	600883.88	600883.87	0.21	-0.01HC01S2	2	6	7	2	0.75	0	5	58	0.25	0.75	y.png	p.png	600886.68	600886.67	0.20	-0.01
2	0.75	0	5	58	0.25	0.75	y.png	p.png	600886.68	600886.67	0.20	-0.01HC01S2	2	6	8	2	0.75	1	6	58	0.75	0.25	p.png	y.png	600890.56	600889.63	0.30	-0.93
2	0.75	1	6	58	0.75	0.25	p.png	y.png	600890.56	600889.63	0.30	-0.93HC01S2	2	6	9	2	0.75	1	7	58	0.75	0.25	p.png	y.png	600893.04	600893.03	0.43	-0.01
2	0.75	1	7	58	0.75	0.25	p.png	y.png	600893.04	600893.03	0.43	-0.01HC01S2	2	6	10	2	0.75	1	8	58	0.25	0.75	y.png	p.png	600895.77	600895.75	0.44	-0.02
2	0.75	1	8	58	0.25	0.75	y.png	p.png	600895.77	600895.75	0.44	-0.02HC01S2	2	6	11	2	0.75	1	9	58	0.25	0.75	y.png	p.png	600898.83	600898.82	0.49	-0.02
2	0.75	1	9	58	0.25	0.75	y.png	p.png	600898.83	600898.82	0.49	-0.02HC01S2	2	6	12	2	0.75	1	10	58	0.25	0.75	y.png	p.png	600901.64	600901.63	0.26	-0.01
2	0.75	1	10	58	0.25	0.75	y.png	p.png	600901.64	600901.63	0.26	-0.01HC01S2	2	6	13	1	0.25	1	11	58	0.75	0.25	p.png	y.png	600904.13	600904.11	0.37	-0.02
1	0.25	1	11	58	0.75	0.25	p.png	y.png	600904.13	600904.11	0.37	-0.02HC01S2	2	6	14	1	0.25	1	12	58	0.75	0.25	p.png	y.png	600906.82	600906.80	0.38	-0.01
1	0.25	1	12	58	0.75	0.25	p.png	y.png	600906.82	600906.80	0.38	-0.01HC01S2	2	6	15	1	0.25	0	12	58	0.75	0.25	p.png	y.png	600909.57	600909.55	0.37	-0.02
1	0.25	0	12	58	0.75	0.25	p.png	y.png	600909.57	600909.55	0.37	-0.02HC01S2	2	6	16	2	0.75	0	12	58	0.25	0.75	y.png	p.png	600912.02	600912.01	0.45	-0.01
2	0.75	0	12	58	0.25	0.75	y.png	p.png	600912.02	600912.01	0.45	-0.01HC01S2	2	6	17	2	0.75	0	12	58	0.25	0.75	y.png	p.png	600914.29	600914.28	0.27	-0.02
2	0.75	0	12	58	0.25	0.75	y.png	p.png	600914.29	600914.28	0.27	-0.02HC01S2	2	6	18	2	0.75	1	13	58	0.25	0.75	y.png	p.png	600916.49	600916.48	0.23	-0.01
2	0.75	1	13	58	0.25	0.75	y.png	p.png	600916.49	600916.48	0.23	-0.01HC01S2	2	6	19	1	0.25	0	13	58	0.25	0.75	y.png	p.png	600920.16	600920.14	0.38	-0.02
1	0.25	0	13	58	0.25	0.75	y.png	p.png	600920.16	600920.14	0.38	-0.02HC01S2	2	6	20	2	0.75	1	14	58	0.25	0.75	y.png	p.png	600922.34	600922.33	0.23	-0.01
2	0.75	1	14	58	0.25	0.75	y.png	p.png	600922.34	600922.33	0.23	-0.01