HC01S1	1	1	1	1	0.25	0	0	0	0.75	0.25	n.png	j.png	600200.40	600200.39	0.44	-0.01
1	0.25	0	0	0	0.75	0.25	n.png	j.png	600200.40	600200.39	0.44	-0.01HC01S1	1	1	2	1	0.25	0	0	0	0.75	0.25	n.png	j.png	600203.31	600203.29	0.48	-0.01
1	0.25	0	0	0	0.75	0.25	n.png	j.png	600203.31	600203.29	0.48	-0.01HC01S1	1	1	3	1	0.25	1	1	0	0.25	0.75	j.png	n.png	600205.80	600205.62	0.22	-0.18
1	0.25	1	1	0	0.25	0.75	j.png	n.png	600205.80	600205.62	0.22	-0.18HC01S1	1	1	4	2	0.75	0	1	0	0.75	0.25	n.png	j.png	600208.67	600208.66	0.39	-0.01
2	0.75	0	1	0	0.75	0.25	n.png	j.png	600208.67	600208.66	0.39	-0.01HC01S1	1	1	5	2	0.75	1	2	0	0.25	0.75	j.png	n.png	600211.26	600211.24	0.24	-0.02
2	0.75	1	2	0	0.25	0.75	j.png	n.png	600211.26	600211.24	0.24	-0.02HC01S1	1	1	6	2	0.75	1	3	0	0.25	0.75	j.png	n.png	600214.05	600214.04	0.34	-0.01
2	0.75	1	3	0	0.25	0.75	j.png	n.png	600214.05	600214.04	0.34	-0.01HC01S1	1	1	7	1	0.25	1	4	0	0.25	0.75	j.png	n.png	600217.70	600217.69	0.29	-0.01
1	0.25	1	4	0	0.25	0.75	j.png	n.png	600217.70	600217.69	0.29	-0.01HC01S1	1	1	8	1	0.25	1	5	0	0.75	0.25	n.png	j.png	600220.41	600220.39	0.49	-0.02
1	0.25	1	5	0	0.75	0.25	n.png	j.png	600220.41	600220.39	0.49	-0.02HC01S1	1	1	9	1	0.25	0	5	0	0.75	0.25	n.png	j.png	600223.36	600223.35	0.35	-0.01
1	0.25	0	5	0	0.75	0.25	n.png	j.png	600223.36	600223.35	0.35	-0.01HC01S1	1	1	10	1	0.25	0	5	0	0.25	0.75	j.png	n.png	600226.44	600226.43	0.48	-0.01
1	0.25	0	5	0	0.25	0.75	j.png	n.png	600226.44	600226.43	0.48	-0.01HC01S1	1	1	11	1	0.25	0	5	0	0.25	0.75	j.png	n.png	600229.27	600229.26	0.35	-0.01
1	0.25	0	5	0	0.25	0.75	j.png	n.png	600229.27	600229.26	0.35	-0.01HC01S1	1	1	12	1	0.25	1	6	0	0.25	0.75	j.png	n.png	600231.49	600231.48	0.46	-0.01
1	0.25	1	6	0	0.25	0.75	j.png	n.png	600231.49	600231.48	0.46	-0.01HC01S1	1	1	13	2	0.75	0	6	0	0.75	0.25	n.png	j.png	600233.95	600233.93	0.23	-0.02
2	0.75	0	6	0	0.75	0.25	n.png	j.png	600233.95	600233.93	0.23	-0.02HC01S1	1	1	14	1	0.25	0	6	0	0.25	0.75	j.png	n.png	600236.67	600236.66	0.48	-0.01
1	0.25	0	6	0	0.25	0.75	j.png	n.png	600236.67	600236.66	0.48	-0.01HC01S1	1	1	15	1	0.25	0	6	0	0.75	0.25	n.png	j.png	600239.06	600239.05	0.22	-0.01
1	0.25	0	6	0	0.75	0.25	n.png	j.png	600239.06	600239.05	0.22	-0.01HC01S1	1	1	16	1	0.25	1	7	0	0.75	0.25	n.png	j.png	600241.70	600241.69	0.49	-0.01
1	0.25	1	7	0	0.75	0.25	n.png	j.png	600241.70	600241.69	0.49	-0.01HC01S1	1	1	17	1	0.25	0	7	0	0.25	0.75	j.png	n.png	600244.40	600244.39	0.26	-0.02
1	0.25	0	7	0	0.25	0.75	j.png	n.png	600244.40	600244.39	0.26	-0.02HC01S1	1	1	18	1	0.25	0	7	0	0.75	0.25	n.png	j.png	600246.85	600246.83	0.32	-0.01
1	0.25	0	7	0	0.75	0.25	n.png	j.png	600246.85	600246.83	0.32	-0.01HC01S1	1	1	19	1	0.25	1	8	0	0.25	0.75	j.png	n.png	600249.47	600249.46	0.46	-0.01
1	0.25	1	8	0	0.25	0.75	j.png	n.png	600249.47	600249.46	0.46	-0.01HC01S1	1	1	20	1	0.25	1	9	0	0.75	0.25	n.png	j.png	600252.42	600252.41	0.47	-0.01
1	0.25	1	9	0	0.75	0.25	n.png	j.png	600252.42	600252.41	0.47	-0.01HC01S1	1	2	1	1	0.25	0	0	9	0.75	0.25	e.png	f.png	600375.86	600375.84	0.50	-0.02
1	0.25	0	0	9	0.75	0.25	e.png	f.png	600375.86	600375.84	0.50	-0.02HC01S1	1	2	2	NaN	-1.00	-1	0	9	0.75	0.25	e.png	f.png	600380.89	600377.87	0.27	-3.01
NaN	-1.00	-1	0	9	0.75	0.25	e.png	f.png	600380.89	600377.87	0.27	-3.01