HC01S3	3	1	1	2	0.75	1	1	0	0.25	0.75	b.png	t.png	601048.83	601048.82	0.30	-0.02
2	0.75	1	1	0	0.25	0.75	b.png	t.png	601048.83	601048.82	0.30	-0.02HC01S3	3	1	2	2	0.75	0	1	0	0.25	0.75	b.png	t.png	601051.76	601051.75	0.48	-0.02
2	0.75	0	1	0	0.25	0.75	b.png	t.png	601051.76	601051.75	0.48	-0.02HC01S3	3	1	3	2	0.75	0	1	0	0.25	0.75	b.png	t.png	601054.35	601054.34	0.40	-0.01
2	0.75	0	1	0	0.25	0.75	b.png	t.png	601054.35	601054.34	0.40	-0.01HC01S3	3	1	4	1	0.25	0	1	0	0.75	0.25	t.png	b.png	601056.93	601056.78	0.45	-0.15
1	0.25	0	1	0	0.75	0.25	t.png	b.png	601056.93	601056.78	0.45	-0.15HC01S3	3	1	5	2	0.75	0	1	0	0.75	0.25	t.png	b.png	601059.22	601059.21	0.26	-0.01
2	0.75	0	1	0	0.75	0.25	t.png	b.png	601059.22	601059.21	0.26	-0.01HC01S3	3	1	6	1	0.25	0	1	0	0.75	0.25	t.png	b.png	601061.43	601061.42	0.22	-0.01
1	0.25	0	1	0	0.75	0.25	t.png	b.png	601061.43	601061.42	0.22	-0.01HC01S3	3	1	7	2	0.75	1	2	0	0.75	0.25	t.png	b.png	601063.56	601063.55	0.38	-0.01
2	0.75	1	2	0	0.75	0.25	t.png	b.png	601063.56	601063.55	0.38	-0.01HC01S3	3	1	8	2	0.75	1	3	0	0.25	0.75	b.png	t.png	601066.64	601066.63	0.39	-0.01
2	0.75	1	3	0	0.25	0.75	b.png	t.png	601066.64	601066.63	0.39	-0.01HC01S3	3	1	9	2	0.75	1	4	0	0.25	0.75	b.png	t.png	601069.34	601069.33	0.24	-0.01
2	0.75	1	4	0	0.25	0.75	b.png	t.png	601069.34	601069.33	0.24	-0.01HC01S3	3	1	10	2	0.75	1	5	0	0.25	0.75	b.png	t.png	601072.03	601072.01	0.34	-0.01
2	0.75	1	5	0	0.25	0.75	b.png	t.png	601072.03	601072.01	0.34	-0.01HC01S3	3	1	11	2	0.75	1	6	0	0.25	0.75	b.png	t.png	601074.71	601074.70	0.32	-0.01
2	0.75	1	6	0	0.25	0.75	b.png	t.png	601074.71	601074.70	0.32	-0.01HC01S3	3	1	12	2	0.75	1	7	0	0.75	0.25	t.png	b.png	601077.66	601077.65	0.48	-0.01
2	0.75	1	7	0	0.75	0.25	t.png	b.png	601077.66	601077.65	0.48	-0.01HC01S3	3	1	13	2	0.75	1	8	0	0.25	0.75	b.png	t.png	601080.22	601080.21	0.25	-0.02
2	0.75	1	8	0	0.25	0.75	b.png	t.png	601080.22	601080.21	0.25	-0.02HC01S3	3	1	14	2	0.75	0	8	0	0.75	0.25	t.png	b.png	601082.81	601082.79	0.20	-0.01
2	0.75	0	8	0	0.75	0.25	t.png	b.png	601082.81	601082.79	0.20	-0.01HC01S3	3	1	15	2	0.75	1	9	0	0.25	0.75	b.png	t.png	601085.20	601085.19	0.22	-0.01
2	0.75	1	9	0	0.25	0.75	b.png	t.png	601085.20	601085.19	0.22	-0.01HC01S3	3	1	16	2	0.75	0	9	0	0.25	0.75	b.png	t.png	601087.78	601087.77	0.22	-0.01
2	0.75	0	9	0	0.25	0.75	b.png	t.png	601087.78	601087.77	0.22	-0.01HC01S3	3	1	17	2	0.75	1	10	0	0.25	0.75	b.png	t.png	601090.15	601090.14	0.37	-0.01
2	0.75	1	10	0	0.25	0.75	b.png	t.png	601090.15	601090.14	0.37	-0.01HC01S3	3	1	18	2	0.75	1	11	0	0.25	0.75	b.png	t.png	601092.65	601092.64	0.45	-0.01
2	0.75	1	11	0	0.25	0.75	b.png	t.png	601092.65	601092.64	0.45	-0.01HC01S3	3	1	19	2	0.75	1	12	0	0.25	0.75	b.png	t.png	601095.20	601095.19	0.31	-0.02
2	0.75	1	12	0	0.25	0.75	b.png	t.png	601095.20	601095.19	0.31	-0.02HC01S3	3	1	20	1	0.25	0	12	0	0.75	0.25	t.png	b.png	601098.07	601098.06	0.47	-0.01
1	0.25	0	12	0	0.75	0.25	t.png	b.png	601098.07	601098.06	0.47	-0.01HC01S3	3	2	1	2	0.25	0	0	12	0.25	0.75	Q.png	x.png	601106.05	601105.57	0.40	-0.48
2	0.25	0	0	12	0.25	0.75	Q.png	x.png	601106.05	601105.57	0.40	-0.48HC01S3	3	2	2	1	0.75	1	1	12	0.25	0.75	Q.png	x.png	601108.56	601108.55	0.45	-0.01
1	0.75	1	1	12	0.25	0.75	Q.png	x.png	601108.56	601108.55	0.45	-0.01HC01S3	3	2	3	1	0.75	0	1	12	0.75	0.25	x.png	Q.png	601111.34	601111.33	0.42	-0.01
1	0.75	0	1	12	0.75	0.25	x.png	Q.png	601111.34	601111.33	0.42	-0.01HC01S3	3	2	4	1	0.75	1	2	12	0.75	0.25	x.png	Q.png	601114.73	601114.72	0.49	-0.01
1	0.75	1	2	12	0.75	0.25	x.png	Q.png	601114.73	601114.72	0.49	-0.01HC01S3	3	2	5	1	0.75	1	3	12	0.75	0.25	x.png	Q.png	601117.45	601117.43	0.26	-0.01
1	0.75	1	3	12	0.75	0.25	x.png	Q.png	601117.45	601117.43	0.26	-0.01HC01S3	3	2	6	1	0.75	0	3	12	0.25	0.75	Q.png	x.png	601120.36	601120.34	0.25	-0.02
1	0.75	0	3	12	0.25	0.75	Q.png	x.png	601120.36	601120.34	0.25	-0.02HC01S3	3	2	7	1	0.75	1	4	12	0.25	0.75	Q.png	x.png	601122.90	601122.89	0.28	-0.01
1	0.75	1	4	12	0.25	0.75	Q.png	x.png	601122.90	601122.89	0.28	-0.01HC01S3	3	2	8	2	0.25	0	4	12	0.75	0.25	x.png	Q.png	601126.55	601126.54	0.37	-0.02
2	0.25	0	4	12	0.75	0.25	x.png	Q.png	601126.55	601126.54	0.37	-0.02HC01S3	3	2	9	1	0.75	0	4	12	0.25	0.75	Q.png	x.png	601130.32	601129.22	0.32	-1.10
1	0.75	0	4	12	0.25	0.75	Q.png	x.png	601130.32	601129.22	0.32	-1.10HC01S3	3	2	10	1	0.75	1	5	12	0.75	0.25	x.png	Q.png	601133.28	601133.27	0.34	-0.01
1	0.75	1	5	12	0.75	0.25	x.png	Q.png	601133.28	601133.27	0.34	-0.01HC01S3	3	2	11	1	0.75	1	6	12	0.75	0.25	x.png	Q.png	601135.91	601135.90	0.29	-0.02
1	0.75	1	6	12	0.75	0.25	x.png	Q.png	601135.91	601135.90	0.29	-0.02HC01S3	3	2	12	1	0.75	1	7	12	0.75	0.25	x.png	Q.png	601138.65	601138.64	0.38	-0.01
1	0.75	1	7	12	0.75	0.25	x.png	Q.png	601138.65	601138.64	0.38	-0.01HC01S3	3	2	13	1	0.75	0	7	12	0.75	0.25	x.png	Q.png	601141.42	601141.41	0.39	-0.01
1	0.75	0	7	12	0.75	0.25	x.png	Q.png	601141.42	601141.41	0.39	-0.01HC01S3	3	2	14	1	0.75	1	8	12	0.25	0.75	Q.png	x.png	601143.80	601143.78	0.34	-0.01
1	0.75	1	8	12	0.25	0.75	Q.png	x.png	601143.80	601143.78	0.34	-0.01HC01S3	3	2	15	1	0.75	1	9	12	0.25	0.75	Q.png	x.png	601146.41	601146.40	0.26	-0.01
1	0.75	1	9	12	0.25	0.75	Q.png	x.png	601146.41	601146.40	0.26	-0.01HC01S3	3	2	16	1	0.75	0	9	12	0.25	0.75	Q.png	x.png	601148.96	601148.95	0.23	-0.01
1	0.75	0	9	12	0.25	0.75	Q.png	x.png	601148.96	601148.95	0.23	-0.01HC01S3	3	2	17	1	0.75	0	9	12	0.75	0.25	x.png	Q.png	601151.68	601151.66	0.47	-0.02
1	0.75	0	9	12	0.75	0.25	x.png	Q.png	601151.68	601151.66	0.47	-0.02HC01S3	3	2	18	1	0.75	1	10	12	0.25	0.75	Q.png	x.png	601154.01	601154.00	0.34	-0.01
1	0.75	1	10	12	0.25	0.75	Q.png	x.png	601154.01	601154.00	0.34	-0.01HC01S3	3	2	19	2	0.25	0	10	12	0.25	0.75	Q.png	x.png	601157.12	601157.10	0.45	-0.02
2	0.25	0	10	12	0.25	0.75	Q.png	x.png	601157.12	601157.10	0.45	-0.02HC01S3	3	2	20	1	0.75	1	11	12	0.25	0.75	Q.png	x.png	601159.80	601159.78	0.45	-0.02
1	0.75	1	11	12	0.25	0.75	Q.png	x.png	601159.80	601159.78	0.45	-0.02HC01S3	3	3	1	1	0.75	0	0	23	0.25	0.75	d.png	r.png	601168.78	601168.77	0.47	-0.01
1	0.75	0	0	23	0.25	0.75	d.png	r.png	601168.78	601168.77	0.47	-0.01HC01S3	3	3	2	2	0.25	1	1	23	0.25	0.75	d.png	r.png	601171.19	601171.18	0.44	-0.01
2	0.25	1	1	23	0.25	0.75	d.png	r.png	601171.19	601171.18	0.44	-0.01HC01S3	3	3	3	2	0.25	0	1	23	0.25	0.75	d.png	r.png	601174.00	601173.98	0.20	-0.02
2	0.25	0	1	23	0.25	0.75	d.png	r.png	601174.00	601173.98	0.20	-0.02HC01S3	3	3	4	2	0.25	0	1	23	0.25	0.75	d.png	r.png	601176.09	601176.08	0.34	-0.01
2	0.25	0	1	23	0.25	0.75	d.png	r.png	601176.09	601176.08	0.34	-0.01HC01S3	3	3	5	2	0.25	0	1	23	0.75	0.25	r.png	d.png	601178.54	601178.53	0.45	-0.01
2	0.25	0	1	23	0.75	0.25	r.png	d.png	601178.54	601178.53	0.45	-0.01HC01S3	3	3	6	1	0.75	1	2	23	0.75	0.25	r.png	d.png	601180.87	601180.86	0.41	-0.01
1	0.75	1	2	23	0.75	0.25	r.png	d.png	601180.87	601180.86	0.41	-0.01HC01S3	3	3	7	1	0.75	0	2	23	0.75	0.25	r.png	d.png	601183.55	601183.54	0.35	-0.01
1	0.75	0	2	23	0.75	0.25	r.png	d.png	601183.55	601183.54	0.35	-0.01HC01S3	3	3	8	1	0.75	1	3	23	0.75	0.25	r.png	d.png	601185.67	601185.66	0.37	-0.01
1	0.75	1	3	23	0.75	0.25	r.png	d.png	601185.67	601185.66	0.37	-0.01HC01S3	3	3	9	1	0.75	1	4	23	0.75	0.25	r.png	d.png	601188.01	601188.00	0.27	-0.01
1	0.75	1	4	23	0.75	0.25	r.png	d.png	601188.01	601188.00	0.27	-0.01HC01S3	3	3	10	1	0.75	1	5	23	0.75	0.25	r.png	d.png	601190.65	601190.64	0.29	-0.01
1	0.75	1	5	23	0.75	0.25	r.png	d.png	601190.65	601190.64	0.29	-0.01HC01S3	3	3	11	1	0.75	1	6	23	0.75	0.25	r.png	d.png	601193.14	601193.13	0.26	-0.01
1	0.75	1	6	23	0.75	0.25	r.png	d.png	601193.14	601193.13	0.26	-0.01HC01S3	3	3	12	1	0.75	1	7	23	0.75	0.25	r.png	d.png	601195.94	601195.78	0.22	-0.16
1	0.75	1	7	23	0.75	0.25	r.png	d.png	601195.94	601195.78	0.22	-0.16HC01S3	3	3	13	1	0.75	1	8	23	0.75	0.25	r.png	d.png	601199.85	601199.82	0.39	-0.03
1	0.75	1	8	23	0.75	0.25	r.png	d.png	601199.85	601199.82	0.39	-0.03HC01S3	3	3	14	1	0.75	1	9	23	0.75	0.25	r.png	d.png	601202.60	601202.59	0.42	-0.01
1	0.75	1	9	23	0.75	0.25	r.png	d.png	601202.60	601202.59	0.42	-0.01HC01S3	3	3	15	1	0.75	1	10	23	0.75	0.25	r.png	d.png	601205.11	601205.09	0.22	-0.01
1	0.75	1	10	23	0.75	0.25	r.png	d.png	601205.11	601205.09	0.22	-0.01HC01S3	3	3	16	1	0.75	1	11	23	0.75	0.25	r.png	d.png	601207.96	601207.95	0.36	-0.01
1	0.75	1	11	23	0.75	0.25	r.png	d.png	601207.96	601207.95	0.36	-0.01HC01S3	3	3	17	2	0.25	0	11	23	0.25	0.75	d.png	r.png	601210.24	601210.23	0.21	-0.01
2	0.25	0	11	23	0.25	0.75	d.png	r.png	601210.24	601210.23	0.21	-0.01HC01S3	3	3	18	1	0.75	1	12	23	0.75	0.25	r.png	d.png	601212.56	601212.55	0.21	-0.02
1	0.75	1	12	23	0.75	0.25	r.png	d.png	601212.56	601212.55	0.21	-0.02HC01S3	3	3	19	1	0.75	0	12	23	0.75	0.25	r.png	d.png	601215.68	601215.67	0.42	-0.01
1	0.75	0	12	23	0.75	0.25	r.png	d.png	601215.68	601215.67	0.42	-0.01HC01S3	3	3	20	1	0.75	1	13	23	0.75	0.25	r.png	d.png	601217.93	601217.92	0.25	-0.01
1	0.75	1	13	23	0.75	0.25	r.png	d.png	601217.93	601217.92	0.25	-0.01HC01S3	3	4	1	1	0.75	1	1	36	0.25	0.75	j.png	u.png	601231.46	601231.45	0.33	-0.01
1	0.75	1	1	36	0.25	0.75	j.png	u.png	601231.46	601231.45	0.33	-0.01HC01S3	3	4	2	1	0.75	0	1	36	0.75	0.25	u.png	j.png	601234.32	601234.30	0.46	-0.01
1	0.75	0	1	36	0.75	0.25	u.png	j.png	601234.32	601234.30	0.46	-0.01HC01S3	3	4	3	1	0.75	0	1	36	0.25	0.75	j.png	u.png	601236.71	601236.70	0.24	-0.01
1	0.75	0	1	36	0.25	0.75	j.png	u.png	601236.71	601236.70	0.24	-0.01HC01S3	3	4	4	2	0.25	0	1	36	0.25	0.75	j.png	u.png	601238.75	601238.74	0.21	-0.01
2	0.25	0	1	36	0.25	0.75	j.png	u.png	601238.75	601238.74	0.21	-0.01HC01S3	3	4	5	1	0.75	0	1	36	0.75	0.25	u.png	j.png	601240.94	601240.93	0.44	-0.01
1	0.75	0	1	36	0.75	0.25	u.png	j.png	601240.94	601240.93	0.44	-0.01HC01S3	3	4	6	2	0.25	0	1	36	0.75	0.25	u.png	j.png	601242.96	601242.95	0.27	-0.01
2	0.25	0	1	36	0.75	0.25	u.png	j.png	601242.96	601242.95	0.27	-0.01HC01S3	3	4	7	2	0.25	1	2	36	0.25	0.75	j.png	u.png	601245.21	601245.20	0.46	-0.01
2	0.25	1	2	36	0.25	0.75	j.png	u.png	601245.21	601245.20	0.46	-0.01HC01S3	3	4	8	1	0.75	1	3	36	0.25	0.75	j.png	u.png	601248.01	601248.00	0.48	-0.01
1	0.75	1	3	36	0.25	0.75	j.png	u.png	601248.01	601248.00	0.48	-0.01HC01S3	3	4	9	1	0.75	1	4	36	0.25	0.75	j.png	u.png	601251.05	601251.04	0.36	-0.01
1	0.75	1	4	36	0.25	0.75	j.png	u.png	601251.05	601251.04	0.36	-0.01HC01S3	3	4	10	1	0.75	1	5	36	0.25	0.75	j.png	u.png	601253.76	601253.75	0.35	-0.01
1	0.75	1	5	36	0.25	0.75	j.png	u.png	601253.76	601253.75	0.35	-0.01HC01S3	3	4	11	1	0.75	0	5	36	0.25	0.75	j.png	u.png	601256.58	601256.56	0.38	-0.02
1	0.75	0	5	36	0.25	0.75	j.png	u.png	601256.58	601256.56	0.38	-0.02HC01S3	3	4	12	1	0.75	0	5	36	0.25	0.75	j.png	u.png	601258.89	601258.88	0.33	-0.01
1	0.75	0	5	36	0.25	0.75	j.png	u.png	601258.89	601258.88	0.33	-0.01HC01S3	3	4	13	1	0.75	1	6	36	0.25	0.75	j.png	u.png	601261.15	601261.14	0.30	-0.01
1	0.75	1	6	36	0.25	0.75	j.png	u.png	601261.15	601261.14	0.30	-0.01HC01S3	3	4	14	2	0.25	0	6	36	0.75	0.25	u.png	j.png	601263.48	601263.46	0.22	-0.02
2	0.25	0	6	36	0.75	0.25	u.png	j.png	601263.48	601263.46	0.22	-0.02HC01S3	3	4	15	1	0.75	1	7	36	0.75	0.25	u.png	j.png	601266.43	601265.80	0.33	-0.63
1	0.75	1	7	36	0.75	0.25	u.png	j.png	601266.43	601265.80	0.33	-0.63HC01S3	3	4	16	1	0.75	1	8	36	0.75	0.25	u.png	j.png	601268.95	601268.94	0.46	-0.01
1	0.75	1	8	36	0.75	0.25	u.png	j.png	601268.95	601268.94	0.46	-0.01HC01S3	3	4	17	1	0.75	1	9	36	0.25	0.75	j.png	u.png	601271.53	601271.51	0.28	-0.02
1	0.75	1	9	36	0.25	0.75	j.png	u.png	601271.53	601271.51	0.28	-0.02HC01S3	3	4	18	1	0.75	1	10	36	0.75	0.25	u.png	j.png	601274.18	601274.17	0.25	-0.01
1	0.75	1	10	36	0.75	0.25	u.png	j.png	601274.18	601274.17	0.25	-0.01HC01S3	3	4	19	1	0.75	1	11	36	0.75	0.25	u.png	j.png	601276.74	601276.72	0.30	-0.01
1	0.75	1	11	36	0.75	0.25	u.png	j.png	601276.74	601276.72	0.30	-0.01HC01S3	3	4	20	1	0.75	1	12	36	0.25	0.75	j.png	u.png	601279.02	601279.01	0.22	-0.01
1	0.75	1	12	36	0.25	0.75	j.png	u.png	601279.02	601279.01	0.22	-0.01HC01S3	3	5	1	1	0.25	1	1	48	0.75	0.25	f.png	s.png	601287.88	601287.71	0.33	-0.18
1	0.25	1	1	48	0.75	0.25	f.png	s.png	601287.88	601287.71	0.33	-0.18HC01S3	3	5	2	1	0.25	1	2	48	0.75	0.25	f.png	s.png	601291.45	601291.43	0.40	-0.02
1	0.25	1	2	48	0.75	0.25	f.png	s.png	601291.45	601291.43	0.40	-0.02HC01S3	3	5	3	1	0.25	0	2	48	0.75	0.25	f.png	s.png	601294.09	601294.07	0.21	-0.02
1	0.25	0	2	48	0.75	0.25	f.png	s.png	601294.09	601294.07	0.21	-0.02HC01S3	3	5	4	1	0.25	0	2	48	0.75	0.25	f.png	s.png	601296.63	601296.61	0.49	-0.02
1	0.25	0	2	48	0.75	0.25	f.png	s.png	601296.63	601296.61	0.49	-0.02HC01S3	3	5	5	1	0.25	0	2	48	0.75	0.25	f.png	s.png	601298.93	601298.92	0.28	-0.01
1	0.25	0	2	48	0.75	0.25	f.png	s.png	601298.93	601298.92	0.28	-0.01HC01S3	3	5	6	1	0.25	0	2	48	0.25	0.75	s.png	f.png	601301.07	601301.06	0.24	-0.01
1	0.25	0	2	48	0.25	0.75	s.png	f.png	601301.07	601301.06	0.24	-0.01HC01S3	3	5	7	2	0.75	1	3	48	0.25	0.75	s.png	f.png	601303.66	601303.65	0.34	-0.02
2	0.75	1	3	48	0.25	0.75	s.png	f.png	601303.66	601303.65	0.34	-0.02HC01S3	3	5	8	2	0.75	0	3	48	0.75	0.25	f.png	s.png	601306.31	601306.01	0.27	-0.30
2	0.75	0	3	48	0.75	0.25	f.png	s.png	601306.31	601306.01	0.27	-0.30HC01S3	3	5	9	2	0.75	1	4	48	0.75	0.25	f.png	s.png	601309.26	601309.24	0.45	-0.02
2	0.75	1	4	48	0.75	0.25	f.png	s.png	601309.26	601309.24	0.45	-0.02HC01S3	3	5	10	1	0.25	1	5	48	0.25	0.75	s.png	f.png	601312.15	601312.14	0.46	-0.01
1	0.25	1	5	48	0.25	0.75	s.png	f.png	601312.15	601312.14	0.46	-0.01HC01S3	3	5	11	1	0.25	1	6	48	0.25	0.75	s.png	f.png	601314.82	601314.81	0.41	-0.01
1	0.25	1	6	48	0.25	0.75	s.png	f.png	601314.82	601314.81	0.41	-0.01HC01S3	3	5	12	1	0.25	0	6	48	0.75	0.25	f.png	s.png	601317.51	601317.50	0.38	-0.01
1	0.25	0	6	48	0.75	0.25	f.png	s.png	601317.51	601317.50	0.38	-0.01HC01S3	3	5	13	1	0.25	1	7	48	0.75	0.25	f.png	s.png	601320.59	601320.44	0.42	-0.15
1	0.25	1	7	48	0.75	0.25	f.png	s.png	601320.59	601320.44	0.42	-0.15HC01S3	3	5	14	1	0.25	0	7	48	0.75	0.25	f.png	s.png	601323.15	601323.13	0.43	-0.01
1	0.25	0	7	48	0.75	0.25	f.png	s.png	601323.15	601323.13	0.43	-0.01HC01S3	3	5	15	1	0.25	0	7	48	0.75	0.25	f.png	s.png	601325.56	601325.55	0.42	-0.01
1	0.25	0	7	48	0.75	0.25	f.png	s.png	601325.56	601325.55	0.42	-0.01HC01S3	3	5	16	1	0.25	1	8	48	0.75	0.25	f.png	s.png	601328.21	601328.19	0.48	-0.02
1	0.25	1	8	48	0.75	0.25	f.png	s.png	601328.21	601328.19	0.48	-0.02HC01S3	3	5	17	1	0.25	1	9	48	0.25	0.75	s.png	f.png	601330.86	601330.85	0.30	-0.02
1	0.25	1	9	48	0.25	0.75	s.png	f.png	601330.86	601330.85	0.30	-0.02HC01S3	3	5	18	1	0.25	0	9	48	0.75	0.25	f.png	s.png	601333.39	601333.38	0.32	-0.01
1	0.25	0	9	48	0.75	0.25	f.png	s.png	601333.39	601333.38	0.32	-0.01HC01S3	3	5	19	1	0.25	0	9	48	0.25	0.75	s.png	f.png	601335.80	601335.79	0.46	-0.02
1	0.25	0	9	48	0.25	0.75	s.png	f.png	601335.80	601335.79	0.46	-0.02HC01S3	3	5	20	1	0.25	0	9	48	0.25	0.75	s.png	f.png	601339.31	601339.29	0.25	-0.01
1	0.25	0	9	48	0.25	0.75	s.png	f.png	601339.31	601339.29	0.25	-0.01HC01S3	3	6	1	2	0.75	1	1	57	0.25	0.75	m.png	y.png	601347.30	601347.29	0.21	-0.01
2	0.75	1	1	57	0.25	0.75	m.png	y.png	601347.30	601347.29	0.21	-0.01HC01S3	3	6	2	2	0.75	0	1	57	0.75	0.25	y.png	m.png	601351.07	601351.05	0.44	-0.01
2	0.75	0	1	57	0.75	0.25	y.png	m.png	601351.07	601351.05	0.44	-0.01HC01S3	3	6	3	2	0.75	1	2	57	0.25	0.75	m.png	y.png	601353.35	601353.34	0.36	-0.01
2	0.75	1	2	57	0.25	0.75	m.png	y.png	601353.35	601353.34	0.36	-0.01HC01S3	3	6	4	2	0.75	1	3	57	0.75	0.25	y.png	m.png	601356.22	601356.20	0.47	-0.02
2	0.75	1	3	57	0.75	0.25	y.png	m.png	601356.22	601356.20	0.47	-0.02HC01S3	3	6	5	2	0.75	1	4	57	0.25	0.75	m.png	y.png	601358.92	601358.91	0.36	-0.01
2	0.75	1	4	57	0.25	0.75	m.png	y.png	601358.92	601358.91	0.36	-0.01HC01S3	3	6	6	2	0.75	1	5	57	0.25	0.75	m.png	y.png	601361.65	601361.64	0.41	-0.01
2	0.75	1	5	57	0.25	0.75	m.png	y.png	601361.65	601361.64	0.41	-0.01HC01S3	3	6	7	2	0.75	1	6	57	0.25	0.75	m.png	y.png	601364.32	601364.31	0.38	-0.01
2	0.75	1	6	57	0.25	0.75	m.png	y.png	601364.32	601364.31	0.38	-0.01HC01S3	3	6	8	2	0.75	0	6	57	0.25	0.75	m.png	y.png	601367.59	601367.57	0.45	-0.02
2	0.75	0	6	57	0.25	0.75	m.png	y.png	601367.59	601367.57	0.45	-0.02HC01S3	3	6	9	2	0.75	1	7	57	0.25	0.75	m.png	y.png	601370.26	601370.25	0.33	-0.01
2	0.75	1	7	57	0.25	0.75	m.png	y.png	601370.26	601370.25	0.33	-0.01HC01S3	3	6	10	2	0.75	1	8	57	0.25	0.75	m.png	y.png	601372.86	601372.85	0.32	-0.01
2	0.75	1	8	57	0.25	0.75	m.png	y.png	601372.86	601372.85	0.32	-0.01HC01S3	3	6	11	2	0.75	0	8	57	0.75	0.25	y.png	m.png	601375.59	601375.58	0.24	-0.01
2	0.75	0	8	57	0.75	0.25	y.png	m.png	601375.59	601375.58	0.24	-0.01HC01S3	3	6	12	2	0.75	1	9	57	0.75	0.25	y.png	m.png	601377.86	601377.85	0.23	-0.01
2	0.75	1	9	57	0.75	0.25	y.png	m.png	601377.86	601377.85	0.23	-0.01HC01S3	3	6	13	2	0.75	1	10	57	0.25	0.75	m.png	y.png	601380.76	601380.75	0.37	-0.01
2	0.75	1	10	57	0.25	0.75	m.png	y.png	601380.76	601380.75	0.37	-0.01HC01S3	3	6	14	2	0.75	1	11	57	0.75	0.25	y.png	m.png	601383.41	601383.39	0.33	-0.02
2	0.75	1	11	57	0.75	0.25	y.png	m.png	601383.41	601383.39	0.33	-0.02HC01S3	3	6	15	2	0.75	0	11	57	0.25	0.75	m.png	y.png	601386.08	601386.06	0.27	-0.02
2	0.75	0	11	57	0.25	0.75	m.png	y.png	601386.08	601386.06	0.27	-0.02HC01S3	3	6	16	2	0.75	1	12	57	0.75	0.25	y.png	m.png	601388.56	601388.54	0.43	-0.02
2	0.75	1	12	57	0.75	0.25	y.png	m.png	601388.56	601388.54	0.43	-0.02HC01S3	3	6	17	2	0.75	1	13	57	0.75	0.25	y.png	m.png	601391.11	601391.10	0.49	-0.01
2	0.75	1	13	57	0.75	0.25	y.png	m.png	601391.11	601391.10	0.49	-0.01HC01S3	3	6	18	2	0.75	0	13	57	0.75	0.25	y.png	m.png	601393.59	601393.58	0.33	-0.01
2	0.75	0	13	57	0.75	0.25	y.png	m.png	601393.59	601393.58	0.33	-0.01HC01S3	3	6	19	2	0.75	0	13	57	0.75	0.25	y.png	m.png	601395.83	601395.82	0.48	-0.01
2	0.75	0	13	57	0.75	0.25	y.png	m.png	601395.83	601395.82	0.48	-0.01HC01S3	3	6	20	1	0.25	0	13	57	0.25	0.75	m.png	y.png	601397.97	601397.96	0.39	-0.01
1	0.25	0	13	57	0.25	0.75	m.png	y.png	601397.97	601397.96	0.39	-0.01