S10	1	1	2	0.70	1	1	0	0.70	0.30	t.png	b.png	1651.04	1651.03	0.23	-0.01
2	0.70	1	1	0	0.70	0.30	t.png	b.png	1651.04	1651.03	0.23	-0.01S10	1	2	2	0.70	1	2	0	0.30	0.70	b.png	t.png	1653.73	1653.72	0.22	-0.01
2	0.70	1	2	0	0.30	0.70	b.png	t.png	1653.73	1653.72	0.22	-0.01S10	1	3	2	0.70	1	3	0	0.70	0.30	t.png	b.png	1656.62	1656.60	0.43	-0.01
2	0.70	1	3	0	0.70	0.30	t.png	b.png	1656.62	1656.60	0.43	-0.01S10	1	4	1	0.30	1	4	0	0.70	0.30	t.png	b.png	1659.41	1659.40	0.28	-0.01
1	0.30	1	4	0	0.70	0.30	t.png	b.png	1659.41	1659.40	0.28	-0.01S10	1	5	1	0.30	1	5	0	0.30	0.70	b.png	t.png	1662.22	1662.20	0.32	-0.02
1	0.30	1	5	0	0.30	0.70	b.png	t.png	1662.22	1662.20	0.32	-0.02S10	1	6	2	0.70	0	5	0	0.70	0.30	t.png	b.png	1664.91	1664.90	0.24	-0.02
2	0.70	0	5	0	0.70	0.30	t.png	b.png	1664.91	1664.90	0.24	-0.02S10	1	7	2	0.70	1	6	0	0.30	0.70	b.png	t.png	1667.21	1667.19	0.23	-0.01
2	0.70	1	6	0	0.30	0.70	b.png	t.png	1667.21	1667.19	0.23	-0.01S10	1	8	2	0.70	0	6	0	0.30	0.70	b.png	t.png	1670.03	1670.01	0.22	-0.01
2	0.70	0	6	0	0.30	0.70	b.png	t.png	1670.03	1670.01	0.22	-0.01S10	1	9	2	0.70	1	7	0	0.30	0.70	b.png	t.png	1672.65	1672.63	0.48	-0.01
2	0.70	1	7	0	0.30	0.70	b.png	t.png	1672.65	1672.63	0.48	-0.01S10	1	10	1	0.30	0	7	0	0.30	0.70	b.png	t.png	1675.45	1675.44	0.29	-0.01
1	0.30	0	7	0	0.30	0.70	b.png	t.png	1675.45	1675.44	0.29	-0.01S10	1	11	1	0.30	0	7	0	0.70	0.30	t.png	b.png	1678.17	1678.17	0.46	-0.01
1	0.30	0	7	0	0.70	0.30	t.png	b.png	1678.17	1678.17	0.46	-0.01S10	1	12	2	0.70	1	8	0	0.70	0.30	t.png	b.png	1681.55	1681.54	0.27	-0.01
2	0.70	1	8	0	0.70	0.30	t.png	b.png	1681.55	1681.54	0.27	-0.01S10	1	13	2	0.70	1	9	0	0.30	0.70	b.png	t.png	1684.91	1684.89	0.44	-0.02
2	0.70	1	9	0	0.30	0.70	b.png	t.png	1684.91	1684.89	0.44	-0.02S10	1	14	2	0.70	1	10	0	0.30	0.70	b.png	t.png	1687.77	1687.76	0.34	-0.01
2	0.70	1	10	0	0.30	0.70	b.png	t.png	1687.77	1687.76	0.34	-0.01S10	1	15	1	0.30	0	10	0	0.70	0.30	t.png	b.png	1690.67	1690.66	0.41	-0.01
1	0.30	0	10	0	0.70	0.30	t.png	b.png	1690.67	1690.66	0.41	-0.01S10	1	16	2	0.70	0	10	0	0.70	0.30	t.png	b.png	1693.14	1693.13	0.34	-0.02
2	0.70	0	10	0	0.70	0.30	t.png	b.png	1693.14	1693.13	0.34	-0.02S10	1	17	1	0.30	0	10	0	0.30	0.70	b.png	t.png	1695.98	1695.97	0.42	-0.01
1	0.30	0	10	0	0.30	0.70	b.png	t.png	1695.98	1695.97	0.42	-0.01S10	1	18	2	0.70	1	11	0	0.30	0.70	b.png	t.png	1698.61	1698.59	0.42	-0.02
2	0.70	1	11	0	0.30	0.70	b.png	t.png	1698.61	1698.59	0.42	-0.02S10	1	19	2	0.70	0	11	0	0.30	0.70	b.png	t.png	1701.40	1701.39	0.37	-0.01
2	0.70	0	11	0	0.30	0.70	b.png	t.png	1701.40	1701.39	0.37	-0.01S10	1	20	1	0.30	1	12	0	0.30	0.70	b.png	t.png	1704.05	1704.04	0.47	-0.01
1	0.30	1	12	0	0.30	0.70	b.png	t.png	1704.05	1704.04	0.47	-0.01S10	2	1	2	0.30	1	1	12	0.70	0.30	g.png	n.png	1710.24	1710.23	0.39	-0.02
2	0.30	1	1	12	0.70	0.30	g.png	n.png	1710.24	1710.23	0.39	-0.02S10	2	2	2	0.30	0	1	12	0.70	0.30	g.png	n.png	1713.09	1713.07	0.40	-0.02
2	0.30	0	1	12	0.70	0.30	g.png	n.png	1713.09	1713.07	0.40	-0.02S10	2	3	2	0.30	0	1	12	0.30	0.70	n.png	g.png	1715.56	1715.55	0.24	-0.01
2	0.30	0	1	12	0.30	0.70	n.png	g.png	1715.56	1715.55	0.24	-0.01S10	2	4	1	0.70	0	1	12	0.70	0.30	g.png	n.png	1718.09	1718.08	0.42	-0.01
1	0.70	0	1	12	0.70	0.30	g.png	n.png	1718.09	1718.08	0.42	-0.01S10	2	5	1	0.70	1	2	12	0.70	0.30	g.png	n.png	1720.50	1720.48	0.41	-0.02
1	0.70	1	2	12	0.70	0.30	g.png	n.png	1720.50	1720.48	0.41	-0.02S10	2	6	1	0.70	1	3	12	0.70	0.30	g.png	n.png	1723.36	1723.35	0.45	-0.01
1	0.70	1	3	12	0.70	0.30	g.png	n.png	1723.36	1723.35	0.45	-0.01S10	2	7	1	0.70	1	4	12	0.30	0.70	n.png	g.png	1726.22	1726.21	0.37	-0.01
1	0.70	1	4	12	0.30	0.70	n.png	g.png	1726.22	1726.21	0.37	-0.01S10	2	8	2	0.30	0	4	12	0.30	0.70	n.png	g.png	1730.04	1730.02	0.43	-0.01
2	0.30	0	4	12	0.30	0.70	n.png	g.png	1730.04	1730.02	0.43	-0.01S10	2	9	1	0.70	0	4	12	0.30	0.70	n.png	g.png	1732.64	1732.63	0.39	-0.01
1	0.70	0	4	12	0.30	0.70	n.png	g.png	1732.64	1732.63	0.39	-0.01S10	2	10	2	0.30	0	4	12	0.30	0.70	n.png	g.png	1736.28	1735.36	0.21	-0.92
2	0.30	0	4	12	0.30	0.70	n.png	g.png	1736.28	1735.36	0.21	-0.92S10	2	11	2	0.30	0	4	12	0.30	0.70	n.png	g.png	1740.53	1739.63	0.49	-0.90
2	0.30	0	4	12	0.30	0.70	n.png	g.png	1740.53	1739.63	0.49	-0.90S10	2	12	2	0.30	0	4	12	0.30	0.70	n.png	g.png	1743.72	1743.70	0.38	-0.01
2	0.30	0	4	12	0.30	0.70	n.png	g.png	1743.72	1743.70	0.38	-0.01S10	2	13	1	0.70	1	5	12	0.70	0.30	g.png	n.png	1747.29	1747.27	0.32	-0.02
1	0.70	1	5	12	0.70	0.30	g.png	n.png	1747.29	1747.27	0.32	-0.02S10	2	14	1	0.70	1	6	12	0.30	0.70	n.png	g.png	1750.02	1750.01	0.24	-0.01
1	0.70	1	6	12	0.30	0.70	n.png	g.png	1750.02	1750.01	0.24	-0.01S10	2	15	1	0.70	1	7	12	0.30	0.70	n.png	g.png	1752.93	1752.92	0.44	-0.01
1	0.70	1	7	12	0.30	0.70	n.png	g.png	1752.93	1752.92	0.44	-0.01S10	2	16	1	0.70	1	8	12	0.30	0.70	n.png	g.png	1755.93	1755.93	0.45	-0.01
1	0.70	1	8	12	0.30	0.70	n.png	g.png	1755.93	1755.93	0.45	-0.01S10	2	17	2	0.30	0	8	12	0.70	0.30	g.png	n.png	1761.09	1761.07	0.48	-0.01
2	0.30	0	8	12	0.70	0.30	g.png	n.png	1761.09	1761.07	0.48	-0.01S10	2	18	1	0.70	1	9	12	0.70	0.30	g.png	n.png	1763.50	1763.48	0.36	-0.02
1	0.70	1	9	12	0.70	0.30	g.png	n.png	1763.50	1763.48	0.36	-0.02S10	2	19	1	0.70	0	9	12	0.70	0.30	g.png	n.png	1766.15	1766.14	0.25	-0.01
1	0.70	0	9	12	0.70	0.30	g.png	n.png	1766.15	1766.14	0.25	-0.01S10	2	20	2	0.30	1	10	12	0.30	0.70	n.png	g.png	1768.19	1768.17	0.22	-0.03
2	0.30	1	10	12	0.30	0.70	n.png	g.png	1768.19	1768.17	0.22	-0.03S10	3	1	1	0.70	0	0	22	0.70	0.30	s.png	v.png	1774.84	1774.82	0.44	-0.02
1	0.70	0	0	22	0.70	0.30	s.png	v.png	1774.84	1774.82	0.44	-0.02S10	3	2	2	0.30	0	0	22	0.70	0.30	s.png	v.png	1777.90	1777.89	0.50	-0.01
2	0.30	0	0	22	0.70	0.30	s.png	v.png	1777.90	1777.89	0.50	-0.01S10	3	3	1	0.70	0	0	22	0.70	0.30	s.png	v.png	1781.19	1781.17	0.30	-0.02
1	0.70	0	0	22	0.70	0.30	s.png	v.png	1781.19	1781.17	0.30	-0.02S10	3	4	1	0.70	1	1	22	0.70	0.30	s.png	v.png	1784.56	1783.30	0.21	-1.26
1	0.70	1	1	22	0.70	0.30	s.png	v.png	1784.56	1783.30	0.21	-1.26S10	3	5	1	0.70	1	2	22	0.30	0.70	v.png	s.png	1787.90	1787.88	0.48	-0.02
1	0.70	1	2	22	0.30	0.70	v.png	s.png	1787.90	1787.88	0.48	-0.02S10	3	6	1	0.70	0	2	22	0.30	0.70	v.png	s.png	1790.75	1790.61	0.43	-0.14
1	0.70	0	2	22	0.30	0.70	v.png	s.png	1790.75	1790.61	0.43	-0.14S10	3	7	1	0.70	0	2	22	0.70	0.30	s.png	v.png	1793.37	1793.36	0.32	-0.01
1	0.70	0	2	22	0.70	0.30	s.png	v.png	1793.37	1793.36	0.32	-0.01S10	3	8	1	0.70	1	3	22	0.70	0.30	s.png	v.png	1796.89	1796.88	0.28	-0.02
1	0.70	1	3	22	0.70	0.30	s.png	v.png	1796.89	1796.88	0.28	-0.02S10	3	9	1	0.70	1	4	22	0.30	0.70	v.png	s.png	1800.12	1800.11	0.24	-0.01
1	0.70	1	4	22	0.30	0.70	v.png	s.png	1800.12	1800.11	0.24	-0.01S10	3	10	1	0.70	1	5	22	0.30	0.70	v.png	s.png	1803.21	1803.19	0.48	-0.02
1	0.70	1	5	22	0.30	0.70	v.png	s.png	1803.21	1803.19	0.48	-0.02S10	3	11	1	0.70	0	5	22	0.30	0.70	v.png	s.png	1806.02	1806.00	0.38	-0.02
1	0.70	0	5	22	0.30	0.70	v.png	s.png	1806.02	1806.00	0.38	-0.02S10	3	12	2	0.30	1	6	22	0.30	0.70	v.png	s.png	1808.73	1808.71	0.44	-0.02
2	0.30	1	6	22	0.30	0.70	v.png	s.png	1808.73	1808.71	0.44	-0.02S10	3	13	1	0.70	0	6	22	0.70	0.30	s.png	v.png	1811.83	1811.81	0.32	-0.02
1	0.70	0	6	22	0.70	0.30	s.png	v.png	1811.83	1811.81	0.32	-0.02S10	3	14	2	0.30	0	6	22	0.70	0.30	s.png	v.png	1814.37	1814.36	0.46	-0.01
2	0.30	0	6	22	0.70	0.30	s.png	v.png	1814.37	1814.36	0.46	-0.01S10	3	15	1	0.70	0	6	22	0.70	0.30	s.png	v.png	1817.00	1816.98	0.38	-0.01
1	0.70	0	6	22	0.70	0.30	s.png	v.png	1817.00	1816.98	0.38	-0.01S10	3	16	1	0.70	1	7	22	0.70	0.30	s.png	v.png	1819.79	1819.77	0.45	-0.02
1	0.70	1	7	22	0.70	0.30	s.png	v.png	1819.79	1819.77	0.45	-0.02S10	3	17	1	0.70	1	8	22	0.30	0.70	v.png	s.png	1823.47	1823.46	0.44	-0.01
1	0.70	1	8	22	0.30	0.70	v.png	s.png	1823.47	1823.46	0.44	-0.01S10	3	18	1	0.70	1	9	22	0.70	0.30	s.png	v.png	1826.39	1826.37	0.40	-0.02
1	0.70	1	9	22	0.70	0.30	s.png	v.png	1826.39	1826.37	0.40	-0.02S10	3	19	1	0.70	1	10	22	0.30	0.70	v.png	s.png	1829.33	1829.32	0.47	-0.01
1	0.70	1	10	22	0.30	0.70	v.png	s.png	1829.33	1829.32	0.47	-0.01S10	3	20	1	0.70	0	10	22	0.30	0.70	v.png	s.png	1832.20	1832.18	0.22	-0.02
1	0.70	0	10	22	0.30	0.70	v.png	s.png	1832.20	1832.18	0.22	-0.02S10	4	1	tooSlow
S10	4	2	1	0.30	1	1	32	0.30	0.70	y.png	o.png	1842.70	1842.69	0.43	-0.02
1	0.30	1	1	32	0.30	0.70	y.png	o.png	1842.70	1842.69	0.43	-0.02S10	4	3	2	0.70	1	2	32	0.70	0.30	o.png	y.png	1846.25	1846.23	0.22	-0.01
2	0.70	1	2	32	0.70	0.30	o.png	y.png	1846.25	1846.23	0.22	-0.01S10	4	4	2	0.70	0	2	32	0.30	0.70	y.png	o.png	1849.26	1849.24	0.47	-0.02
2	0.70	0	2	32	0.30	0.70	y.png	o.png	1849.26	1849.24	0.47	-0.02S10	4	5	2	0.70	1	3	32	0.70	0.30	o.png	y.png	1851.67	1851.65	0.25	-0.02
2	0.70	1	3	32	0.70	0.30	o.png	y.png	1851.67	1851.65	0.25	-0.02S10	4	6	2	0.70	1	4	32	0.70	0.30	o.png	y.png	1854.67	1854.65	0.24	-0.02
2	0.70	1	4	32	0.70	0.30	o.png	y.png	1854.67	1854.65	0.24	-0.02S10	4	7	2	0.70	1	5	32	0.30	0.70	y.png	o.png	1857.42	1857.41	0.27	-0.02
2	0.70	1	5	32	0.30	0.70	y.png	o.png	1857.42	1857.41	0.27	-0.02S10	4	8	1	0.30	0	5	32	0.30	0.70	y.png	o.png	1860.17	1860.16	0.36	-0.02
1	0.30	0	5	32	0.30	0.70	y.png	o.png	1860.17	1860.16	0.36	-0.02S10	4	9	2	0.70	1	6	32	0.30	0.70	y.png	o.png	1862.46	1862.44	0.25	-0.02
2	0.70	1	6	32	0.30	0.70	y.png	o.png	1862.46	1862.44	0.25	-0.02S10	4	10	2	0.70	0	6	32	0.30	0.70	y.png	o.png	1865.14	1865.12	0.32	-0.02
2	0.70	0	6	32	0.30	0.70	y.png	o.png	1865.14	1865.12	0.32	-0.02S10	4	11	1	0.30	0	6	32	0.70	0.30	o.png	y.png	1867.32	1867.31	0.35	-0.01
1	0.30	0	6	32	0.70	0.30	o.png	y.png	1867.32	1867.31	0.35	-0.01S10	4	12	2	0.70	1	7	32	0.30	0.70	y.png	o.png	1869.71	1869.69	0.30	-0.02
2	0.70	1	7	32	0.30	0.70	y.png	o.png	1869.71	1869.69	0.30	-0.02S10	4	13	2	0.70	1	8	32	0.70	0.30	o.png	y.png	1872.86	1872.84	0.45	-0.02
2	0.70	1	8	32	0.70	0.30	o.png	y.png	1872.86	1872.84	0.45	-0.02S10	4	14	2	0.70	1	9	32	0.70	0.30	o.png	y.png	1875.77	1875.76	0.48	-0.01
2	0.70	1	9	32	0.70	0.30	o.png	y.png	1875.77	1875.76	0.48	-0.01S10	4	15	2	0.70	0	9	32	0.70	0.30	o.png	y.png	1878.54	1878.52	0.35	-0.01
2	0.70	0	9	32	0.70	0.30	o.png	y.png	1878.54	1878.52	0.35	-0.01S10	4	16	2	0.70	1	10	32	0.30	0.70	y.png	o.png	1880.82	1880.80	0.29	-0.02
2	0.70	1	10	32	0.30	0.70	y.png	o.png	1880.82	1880.80	0.29	-0.02S10	4	17	2	0.70	1	11	32	0.30	0.70	y.png	o.png	1883.54	1883.53	0.24	-0.01
2	0.70	1	11	32	0.30	0.70	y.png	o.png	1883.54	1883.53	0.24	-0.01S10	4	18	2	0.70	0	11	32	0.30	0.70	y.png	o.png	1886.16	1886.15	0.20	-0.01
2	0.70	0	11	32	0.30	0.70	y.png	o.png	1886.16	1886.15	0.20	-0.01S10	4	19	1	0.30	1	12	32	0.30	0.70	y.png	o.png	1888.74	1888.73	0.41	-0.01
1	0.30	1	12	32	0.30	0.70	y.png	o.png	1888.74	1888.73	0.41	-0.01S10	4	20	2	0.70	1	13	32	0.30	0.70	y.png	o.png	1891.44	1891.42	0.31	-0.02
2	0.70	1	13	32	0.30	0.70	y.png	o.png	1891.44	1891.42	0.31	-0.02S10	5	1	2	0.30	1	1	45	0.30	0.70	x.png	l.png	1897.11	1897.09	0.29	-0.02
2	0.30	1	1	45	0.30	0.70	x.png	l.png	1897.11	1897.09	0.29	-0.02S10	5	2	1	0.70	1	2	45	0.70	0.30	l.png	x.png	1899.61	1899.60	0.44	-0.01
1	0.70	1	2	45	0.70	0.30	l.png	x.png	1899.61	1899.60	0.44	-0.01S10	5	3	2	0.30	0	2	45	0.30	0.70	x.png	l.png	1902.47	1902.46	0.28	-0.02
2	0.30	0	2	45	0.30	0.70	x.png	l.png	1902.47	1902.46	0.28	-0.02S10	5	4	2	0.30	0	2	45	0.30	0.70	x.png	l.png	1904.93	1904.92	0.28	-0.01
2	0.30	0	2	45	0.30	0.70	x.png	l.png	1904.93	1904.92	0.28	-0.01S10	5	5	1	0.70	1	3	45	0.30	0.70	x.png	l.png	1907.69	1907.67	0.32	-0.02
1	0.70	1	3	45	0.30	0.70	x.png	l.png	1907.69	1907.67	0.32	-0.02S10	5	6	1	0.70	1	4	45	0.70	0.30	l.png	x.png	1910.56	1910.54	0.38	-0.02
1	0.70	1	4	45	0.70	0.30	l.png	x.png	1910.56	1910.54	0.38	-0.02S10	5	7	1	0.70	0	4	45	0.30	0.70	x.png	l.png	1913.27	1913.26	0.29	-0.01
1	0.70	0	4	45	0.30	0.70	x.png	l.png	1913.27	1913.26	0.29	-0.01S10	5	8	1	0.70	0	4	45	0.30	0.70	x.png	l.png	1915.70	1915.69	0.27	-0.01
1	0.70	0	4	45	0.30	0.70	x.png	l.png	1915.70	1915.69	0.27	-0.01S10	5	9	1	0.70	0	4	45	0.30	0.70	x.png	l.png	1918.31	1918.31	0.46	-0.01
1	0.70	0	4	45	0.30	0.70	x.png	l.png	1918.31	1918.31	0.46	-0.01S10	5	10	1	0.70	1	5	45	0.70	0.30	l.png	x.png	1921.54	1921.52	0.24	-0.02
1	0.70	1	5	45	0.70	0.30	l.png	x.png	1921.54	1921.52	0.24	-0.02S10	5	11	1	0.70	1	6	45	0.70	0.30	l.png	x.png	1924.45	1924.42	0.27	-0.02
1	0.70	1	6	45	0.70	0.30	l.png	x.png	1924.45	1924.42	0.27	-0.02S10	5	12	1	0.70	1	7	45	0.30	0.70	x.png	l.png	1927.82	1927.80	0.46	-0.02
1	0.70	1	7	45	0.30	0.70	x.png	l.png	1927.82	1927.80	0.46	-0.02S10	5	13	1	0.70	0	7	45	0.70	0.30	l.png	x.png	1931.71	1931.69	0.44	-0.02
1	0.70	0	7	45	0.70	0.30	l.png	x.png	1931.71	1931.69	0.44	-0.02S10	5	14	2	0.30	1	8	45	0.30	0.70	x.png	l.png	1934.36	1934.35	0.38	-0.02
2	0.30	1	8	45	0.30	0.70	x.png	l.png	1934.36	1934.35	0.38	-0.02S10	5	15	2	0.30	0	8	45	0.30	0.70	x.png	l.png	1937.25	1937.22	0.43	-0.02
2	0.30	0	8	45	0.30	0.70	x.png	l.png	1937.25	1937.22	0.43	-0.02S10	5	16	1	0.70	1	9	45	0.70	0.30	l.png	x.png	1939.74	1939.72	0.38	-0.02
1	0.70	1	9	45	0.70	0.30	l.png	x.png	1939.74	1939.72	0.38	-0.02S10	5	17	1	0.70	1	10	45	0.30	0.70	x.png	l.png	1943.27	1943.25	0.38	-0.02
1	0.70	1	10	45	0.30	0.70	x.png	l.png	1943.27	1943.25	0.38	-0.02S10	5	18	1	0.70	1	11	45	0.70	0.30	l.png	x.png	1945.96	1945.95	0.23	-0.01
1	0.70	1	11	45	0.70	0.30	l.png	x.png	1945.96	1945.95	0.23	-0.01S10	5	19	1	0.70	1	12	45	0.70	0.30	l.png	x.png	1948.80	1948.79	0.44	-0.01
1	0.70	1	12	45	0.70	0.30	l.png	x.png	1948.80	1948.79	0.44	-0.01S10	5	20	2	0.30	0	12	45	0.30	0.70	x.png	l.png	1951.34	1951.33	0.47	-0.01
2	0.30	0	12	45	0.30	0.70	x.png	l.png	1951.34	1951.33	0.47	-0.01S10	6	1	1	0.30	0	0	57	0.30	0.70	h.png	j.png	1956.93	1956.92	0.44	-0.01
1	0.30	0	0	57	0.30	0.70	h.png	j.png	1956.93	1956.92	0.44	-0.01S10	6	2	1	0.30	1	1	57	0.70	0.30	j.png	h.png	1959.77	1959.76	0.34	-0.01
1	0.30	1	1	57	0.70	0.30	j.png	h.png	1959.77	1959.76	0.34	-0.01S10	6	3	1	0.30	0	1	57	0.30	0.70	h.png	j.png	1962.63	1962.62	0.42	-0.01
1	0.30	0	1	57	0.30	0.70	h.png	j.png	1962.63	1962.62	0.42	-0.01S10	6	4	2	0.70	1	2	57	0.70	0.30	j.png	h.png	1965.09	1965.08	0.20	-0.02
2	0.70	1	2	57	0.70	0.30	j.png	h.png	1965.09	1965.08	0.20	-0.02S10	6	5	2	0.70	1	3	57	0.30	0.70	h.png	j.png	1967.84	1967.83	0.35	-0.01
2	0.70	1	3	57	0.30	0.70	h.png	j.png	1967.84	1967.83	0.35	-0.01S10	6	6	2	0.70	1	4	57	0.70	0.30	j.png	h.png	1970.31	1970.30	0.41	-0.01
2	0.70	1	4	57	0.70	0.30	j.png	h.png	1970.31	1970.30	0.41	-0.01S10	6	7	1	0.30	1	5	57	0.30	0.70	h.png	j.png	1973.56	1973.55	0.34	-0.01
1	0.30	1	5	57	0.30	0.70	h.png	j.png	1973.56	1973.55	0.34	-0.01S10	6	8	2	0.70	0	5	57	0.30	0.70	h.png	j.png	1976.34	1976.33	0.24	-0.01
2	0.70	0	5	57	0.30	0.70	h.png	j.png	1976.34	1976.33	0.24	-0.01S10	6	9	2	0.70	1	6	57	0.30	0.70	h.png	j.png	1978.82	1978.81	0.28	-0.01
2	0.70	1	6	57	0.30	0.70	h.png	j.png	1978.82	1978.81	0.28	-0.01S10	6	10	1	0.30	1	7	57	0.70	0.30	j.png	h.png	1982.49	1982.48	0.30	-0.01
1	0.30	1	7	57	0.70	0.30	j.png	h.png	1982.49	1982.48	0.30	-0.01S10	6	11	2	0.70	1	8	57	0.70	0.30	j.png	h.png	1985.19	1985.17	0.24	-0.02
2	0.70	1	8	57	0.70	0.30	j.png	h.png	1985.19	1985.17	0.24	-0.02S10	6	12	2	0.70	1	9	57	0.30	0.70	h.png	j.png	1988.03	1988.02	0.37	-0.01
2	0.70	1	9	57	0.30	0.70	h.png	j.png	1988.03	1988.02	0.37	-0.01S10	6	13	1	0.30	0	9	57	0.70	0.30	j.png	h.png	1991.00	1990.99	0.27	-0.01
1	0.30	0	9	57	0.70	0.30	j.png	h.png	1991.00	1990.99	0.27	-0.01S10	6	14	2	0.70	0	9	57	0.70	0.30	j.png	h.png	1993.51	1993.49	0.38	-0.02
2	0.70	0	9	57	0.70	0.30	j.png	h.png	1993.51	1993.49	0.38	-0.02S10	6	15	2	0.70	1	10	57	0.30	0.70	h.png	j.png	1997.26	1997.24	0.34	-0.02
2	0.70	1	10	57	0.30	0.70	h.png	j.png	1997.26	1997.24	0.34	-0.02S10	6	16	2	0.70	1	11	57	0.30	0.70	h.png	j.png	2000.16	2000.14	0.47	-0.02
2	0.70	1	11	57	0.30	0.70	h.png	j.png	2000.16	2000.14	0.47	-0.02S10	6	17	2	0.70	1	12	57	0.30	0.70	h.png	j.png	2002.85	2002.83	0.24	-0.02
2	0.70	1	12	57	0.30	0.70	h.png	j.png	2002.85	2002.83	0.24	-0.02S10	6	18	2	0.70	1	13	57	0.70	0.30	j.png	h.png	2005.54	2005.53	0.27	-0.01
2	0.70	1	13	57	0.70	0.30	j.png	h.png	2005.54	2005.53	0.27	-0.01S10	6	19	1	0.30	0	13	57	0.30	0.70	h.png	j.png	2008.35	2008.34	0.42	-0.01
1	0.30	0	13	57	0.30	0.70	h.png	j.png	2008.35	2008.34	0.42	-0.01S10	6	20	1	0.30	0	13	57	0.30	0.70	h.png	j.png	2010.86	2010.84	0.40	-0.01
1	0.30	0	13	57	0.30	0.70	h.png	j.png	2010.86	2010.84	0.40	-0.01