S11	1	1	1	0.25	0	0	0	0.25	0.75	n.png	m.png	2437.19	2437.18	0.38	-0.01
1	0.25	0	0	0	0.25	0.75	n.png	m.png	2437.19	2437.18	0.38	-0.01S11	1	2	1	0.25	0	0	0	0.75	0.25	m.png	n.png	2439.85	2439.85	0.48	-0.00
1	0.25	0	0	0	0.75	0.25	m.png	n.png	2439.85	2439.85	0.48	-0.00S11	1	3	1	0.25	0	0	0	0.75	0.25	m.png	n.png	2442.33	2442.32	0.22	-0.01
1	0.25	0	0	0	0.75	0.25	m.png	n.png	2442.33	2442.32	0.22	-0.01S11	1	4	2	0.75	1	1	0	0.75	0.25	m.png	n.png	2444.53	2444.52	0.44	-0.01
2	0.75	1	1	0	0.75	0.25	m.png	n.png	2444.53	2444.52	0.44	-0.01S11	1	5	2	0.75	1	2	0	0.75	0.25	m.png	n.png	2447.37	2447.36	0.32	-0.01
2	0.75	1	2	0	0.75	0.25	m.png	n.png	2447.37	2447.36	0.32	-0.01S11	1	6	2	0.75	0	2	0	0.75	0.25	m.png	n.png	2450.31	2450.30	0.42	-0.01
2	0.75	0	2	0	0.75	0.25	m.png	n.png	2450.31	2450.30	0.42	-0.01S11	1	7	2	0.75	0	2	0	0.75	0.25	m.png	n.png	2452.93	2452.92	0.41	-0.02
2	0.75	0	2	0	0.75	0.25	m.png	n.png	2452.93	2452.92	0.41	-0.02S11	1	8	2	0.75	1	3	0	0.25	0.75	n.png	m.png	2455.74	2455.73	0.21	-0.01
2	0.75	1	3	0	0.25	0.75	n.png	m.png	2455.74	2455.73	0.21	-0.01S11	1	9	2	0.75	0	3	0	0.75	0.25	m.png	n.png	2458.66	2458.64	0.46	-0.01
2	0.75	0	3	0	0.75	0.25	m.png	n.png	2458.66	2458.64	0.46	-0.01S11	1	10	2	0.75	1	4	0	0.25	0.75	n.png	m.png	2461.22	2461.21	0.48	-0.01
2	0.75	1	4	0	0.25	0.75	n.png	m.png	2461.22	2461.21	0.48	-0.01S11	1	11	2	0.75	1	5	0	0.75	0.25	m.png	n.png	2464.08	2464.06	0.31	-0.02
2	0.75	1	5	0	0.75	0.25	m.png	n.png	2464.08	2464.06	0.31	-0.02S11	1	12	2	0.75	0	5	0	0.75	0.25	m.png	n.png	2467.36	2467.35	0.30	-0.01
2	0.75	0	5	0	0.75	0.25	m.png	n.png	2467.36	2467.35	0.30	-0.01S11	1	13	2	0.75	1	6	0	0.75	0.25	m.png	n.png	2469.87	2469.86	0.37	-0.01
2	0.75	1	6	0	0.75	0.25	m.png	n.png	2469.87	2469.86	0.37	-0.01S11	1	14	2	0.75	1	7	0	0.75	0.25	m.png	n.png	2472.56	2472.55	0.23	-0.01
2	0.75	1	7	0	0.75	0.25	m.png	n.png	2472.56	2472.55	0.23	-0.01S11	1	15	1	0.25	0	7	0	0.75	0.25	m.png	n.png	2476.02	2476.00	0.42	-0.01
1	0.25	0	7	0	0.75	0.25	m.png	n.png	2476.02	2476.00	0.42	-0.01S11	1	16	2	0.75	0	7	0	0.75	0.25	m.png	n.png	2478.82	2478.81	0.31	-0.01
2	0.75	0	7	0	0.75	0.25	m.png	n.png	2478.82	2478.81	0.31	-0.01S11	1	17	2	0.75	1	8	0	0.25	0.75	n.png	m.png	2483.20	2483.19	0.38	-0.01
2	0.75	1	8	0	0.25	0.75	n.png	m.png	2483.20	2483.19	0.38	-0.01S11	1	18	2	0.75	1	9	0	0.25	0.75	n.png	m.png	2485.82	2485.81	0.22	-0.02
2	0.75	1	9	0	0.25	0.75	n.png	m.png	2485.82	2485.81	0.22	-0.02S11	1	19	2	0.75	1	10	0	0.75	0.25	m.png	n.png	2488.62	2488.60	0.34	-0.01
2	0.75	1	10	0	0.75	0.25	m.png	n.png	2488.62	2488.60	0.34	-0.01S11	1	20	2	0.75	1	11	0	0.75	0.25	m.png	n.png	2491.22	2491.21	0.24	-0.01
2	0.75	1	11	0	0.75	0.25	m.png	n.png	2491.22	2491.21	0.24	-0.01S11	2	1	1	0.75	1	1	11	0.75	0.25	u.png	l.png	2497.14	2497.13	0.41	-0.01
1	0.75	1	1	11	0.75	0.25	u.png	l.png	2497.14	2497.13	0.41	-0.01S11	2	2	1	0.75	1	2	11	0.75	0.25	u.png	l.png	2500.07	2500.06	0.49	-0.02
1	0.75	1	2	11	0.75	0.25	u.png	l.png	2500.07	2500.06	0.49	-0.02S11	2	3	1	0.75	0	2	11	0.75	0.25	u.png	l.png	2502.77	2502.75	0.34	-0.02
1	0.75	0	2	11	0.75	0.25	u.png	l.png	2502.77	2502.75	0.34	-0.02S11	2	4	1	0.75	1	3	11	0.75	0.25	u.png	l.png	2505.32	2505.30	0.48	-0.02
1	0.75	1	3	11	0.75	0.25	u.png	l.png	2505.32	2505.30	0.48	-0.02S11	2	5	1	0.75	1	4	11	0.25	0.75	l.png	u.png	2508.30	2508.28	0.43	-0.02
1	0.75	1	4	11	0.25	0.75	l.png	u.png	2508.30	2508.28	0.43	-0.02S11	2	6	1	0.75	1	5	11	0.25	0.75	l.png	u.png	2511.18	2511.16	0.38	-0.02
1	0.75	1	5	11	0.25	0.75	l.png	u.png	2511.18	2511.16	0.38	-0.02S11	2	7	1	0.75	1	6	11	0.75	0.25	u.png	l.png	2513.91	2513.90	0.32	-0.01
1	0.75	1	6	11	0.75	0.25	u.png	l.png	2513.91	2513.90	0.32	-0.01S11	2	8	1	0.75	1	7	11	0.75	0.25	u.png	l.png	2516.90	2516.89	0.39	-0.01
1	0.75	1	7	11	0.75	0.25	u.png	l.png	2516.90	2516.89	0.39	-0.01S11	2	9	1	0.75	0	7	11	0.75	0.25	u.png	l.png	2519.67	2519.65	0.45	-0.01
1	0.75	0	7	11	0.75	0.25	u.png	l.png	2519.67	2519.65	0.45	-0.01S11	2	10	1	0.75	1	8	11	0.25	0.75	l.png	u.png	2522.78	2522.77	0.43	-0.01
1	0.75	1	8	11	0.25	0.75	l.png	u.png	2522.78	2522.77	0.43	-0.01S11	2	11	1	0.75	0	8	11	0.75	0.25	u.png	l.png	2525.59	2525.58	0.41	-0.01
1	0.75	0	8	11	0.75	0.25	u.png	l.png	2525.59	2525.58	0.41	-0.01S11	2	12	1	0.75	1	9	11	0.75	0.25	u.png	l.png	2529.65	2529.63	0.21	-0.02
1	0.75	1	9	11	0.75	0.25	u.png	l.png	2529.65	2529.63	0.21	-0.02S11	2	13	1	0.75	0	9	11	0.75	0.25	u.png	l.png	2532.40	2532.38	0.32	-0.01
1	0.75	0	9	11	0.75	0.25	u.png	l.png	2532.40	2532.38	0.32	-0.01S11	2	14	2	0.25	0	9	11	0.75	0.25	u.png	l.png	2534.84	2534.82	0.28	-0.01
2	0.25	0	9	11	0.75	0.25	u.png	l.png	2534.84	2534.82	0.28	-0.01S11	2	15	1	0.75	1	10	11	0.25	0.75	l.png	u.png	2537.83	2537.82	0.30	-0.01
1	0.75	1	10	11	0.25	0.75	l.png	u.png	2537.83	2537.82	0.30	-0.01S11	2	16	1	0.75	1	11	11	0.75	0.25	u.png	l.png	2540.56	2540.55	0.28	-0.01
1	0.75	1	11	11	0.75	0.25	u.png	l.png	2540.56	2540.55	0.28	-0.01S11	2	17	1	0.75	1	12	11	0.25	0.75	l.png	u.png	2543.25	2543.23	0.23	-0.02
1	0.75	1	12	11	0.25	0.75	l.png	u.png	2543.25	2543.23	0.23	-0.02S11	2	18	1	0.75	1	13	11	0.75	0.25	u.png	l.png	2545.94	2545.93	0.22	-0.01
1	0.75	1	13	11	0.75	0.25	u.png	l.png	2545.94	2545.93	0.22	-0.01S11	2	19	1	0.75	1	14	11	0.25	0.75	l.png	u.png	2548.78	2548.76	0.37	-0.01
1	0.75	1	14	11	0.25	0.75	l.png	u.png	2548.78	2548.76	0.37	-0.01S11	2	20	1	0.75	1	15	11	0.25	0.75	l.png	u.png	2551.71	2551.70	0.50	-0.01
1	0.75	1	15	11	0.25	0.75	l.png	u.png	2551.71	2551.70	0.50	-0.01S11	3	1	2	0.25	0	0	26	0.25	0.75	r.png	o.png	2558.23	2558.22	0.20	-0.01
2	0.25	0	0	26	0.25	0.75	r.png	o.png	2558.23	2558.22	0.20	-0.01S11	3	2	2	0.25	1	1	26	0.25	0.75	r.png	o.png	2560.84	2560.68	0.36	-0.17
2	0.25	1	1	26	0.25	0.75	r.png	o.png	2560.84	2560.68	0.36	-0.17S11	3	3	2	0.25	0	1	26	0.25	0.75	r.png	o.png	2563.58	2563.57	0.34	-0.01
2	0.25	0	1	26	0.25	0.75	r.png	o.png	2563.58	2563.57	0.34	-0.01S11	3	4	1	0.75	1	2	26	0.25	0.75	r.png	o.png	2566.23	2566.21	0.38	-0.02
1	0.75	1	2	26	0.25	0.75	r.png	o.png	2566.23	2566.21	0.38	-0.02S11	3	5	1	0.75	1	3	26	0.25	0.75	r.png	o.png	2568.99	2568.97	0.37	-0.02
1	0.75	1	3	26	0.25	0.75	r.png	o.png	2568.99	2568.97	0.37	-0.02S11	3	6	1	0.75	1	4	26	0.25	0.75	r.png	o.png	2571.62	2571.61	0.24	-0.01
1	0.75	1	4	26	0.25	0.75	r.png	o.png	2571.62	2571.61	0.24	-0.01S11	3	7	1	0.75	0	4	26	0.75	0.25	o.png	r.png	2574.35	2574.34	0.25	-0.01
1	0.75	0	4	26	0.75	0.25	o.png	r.png	2574.35	2574.34	0.25	-0.01S11	3	8	1	0.75	1	5	26	0.25	0.75	r.png	o.png	2576.93	2576.91	0.43	-0.01
1	0.75	1	5	26	0.25	0.75	r.png	o.png	2576.93	2576.91	0.43	-0.01S11	3	9	1	0.75	1	6	26	0.75	0.25	o.png	r.png	2579.70	2579.68	0.28	-0.01
1	0.75	1	6	26	0.75	0.25	o.png	r.png	2579.70	2579.68	0.28	-0.01S11	3	10	1	0.75	1	7	26	0.25	0.75	r.png	o.png	2582.89	2582.87	0.50	-0.02
1	0.75	1	7	26	0.25	0.75	r.png	o.png	2582.89	2582.87	0.50	-0.02S11	3	11	1	0.75	1	8	26	0.75	0.25	o.png	r.png	2585.87	2585.48	0.30	-0.39
1	0.75	1	8	26	0.75	0.25	o.png	r.png	2585.87	2585.48	0.30	-0.39S11	3	12	1	0.75	1	9	26	0.25	0.75	r.png	o.png	2588.55	2588.20	0.25	-0.36
1	0.75	1	9	26	0.25	0.75	r.png	o.png	2588.55	2588.20	0.25	-0.36S11	3	13	1	0.75	1	10	26	0.25	0.75	r.png	o.png	2591.56	2591.55	0.39	-0.02
1	0.75	1	10	26	0.25	0.75	r.png	o.png	2591.56	2591.55	0.39	-0.02S11	3	14	1	0.75	1	11	26	0.75	0.25	o.png	r.png	2594.37	2594.35	0.33	-0.02
1	0.75	1	11	26	0.75	0.25	o.png	r.png	2594.37	2594.35	0.33	-0.02S11	3	15	1	0.75	1	12	26	0.25	0.75	r.png	o.png	2597.15	2597.13	0.41	-0.02
1	0.75	1	12	26	0.25	0.75	r.png	o.png	2597.15	2597.13	0.41	-0.02S11	3	16	1	0.75	1	13	26	0.25	0.75	r.png	o.png	2599.97	2599.96	0.39	-0.01
1	0.75	1	13	26	0.25	0.75	r.png	o.png	2599.97	2599.96	0.39	-0.01S11	3	17	1	0.75	1	14	26	0.25	0.75	r.png	o.png	2602.79	2602.78	0.39	-0.01
1	0.75	1	14	26	0.25	0.75	r.png	o.png	2602.79	2602.78	0.39	-0.01S11	3	18	2	0.25	0	14	26	0.75	0.25	o.png	r.png	2605.54	2605.53	0.40	-0.02
2	0.25	0	14	26	0.75	0.25	o.png	r.png	2605.54	2605.53	0.40	-0.02S11	3	19	1	0.75	1	15	26	0.75	0.25	o.png	r.png	2608.15	2608.14	0.43	-0.01
1	0.75	1	15	26	0.75	0.25	o.png	r.png	2608.15	2608.14	0.43	-0.01S11	3	20	1	0.75	0	15	26	0.75	0.25	o.png	r.png	2610.88	2610.87	0.30	-0.01
1	0.75	0	15	26	0.75	0.25	o.png	r.png	2610.88	2610.87	0.30	-0.01S11	4	1	1	0.25	0	0	41	0.25	0.75	a.png	h.png	2617.06	2617.05	0.41	-0.01
1	0.25	0	0	41	0.25	0.75	a.png	h.png	2617.06	2617.05	0.41	-0.01S11	4	2	2	0.75	1	1	41	0.75	0.25	h.png	a.png	2620.85	2620.84	0.43	-0.01
2	0.75	1	1	41	0.75	0.25	h.png	a.png	2620.85	2620.84	0.43	-0.01S11	4	3	2	0.75	1	2	41	0.75	0.25	h.png	a.png	2623.60	2623.58	0.41	-0.02
2	0.75	1	2	41	0.75	0.25	h.png	a.png	2623.60	2623.58	0.41	-0.02S11	4	4	1	0.25	1	3	41	0.25	0.75	a.png	h.png	2625.95	2625.93	0.28	-0.02
1	0.25	1	3	41	0.25	0.75	a.png	h.png	2625.95	2625.93	0.28	-0.02S11	4	5	2	0.75	1	4	41	0.75	0.25	h.png	a.png	2628.69	2628.68	0.34	-0.01
2	0.75	1	4	41	0.75	0.25	h.png	a.png	2628.69	2628.68	0.34	-0.01S11	4	6	2	0.75	1	5	41	0.25	0.75	a.png	h.png	2631.46	2631.45	0.37	-0.01
2	0.75	1	5	41	0.25	0.75	a.png	h.png	2631.46	2631.45	0.37	-0.01S11	4	7	2	0.75	1	6	41	0.25	0.75	a.png	h.png	2635.06	2634.67	0.30	-0.39
2	0.75	1	6	41	0.25	0.75	a.png	h.png	2635.06	2634.67	0.30	-0.39S11	4	8	2	0.75	0	6	41	0.75	0.25	h.png	a.png	2663.95	2663.94	0.48	-0.01
2	0.75	0	6	41	0.75	0.25	h.png	a.png	2663.95	2663.94	0.48	-0.01S11	4	9	2	0.75	1	7	41	0.75	0.25	h.png	a.png	2666.39	2666.37	0.33	-0.02
2	0.75	1	7	41	0.75	0.25	h.png	a.png	2666.39	2666.37	0.33	-0.02S11	4	10	2	0.75	1	8	41	0.25	0.75	a.png	h.png	2669.33	2669.31	0.47	-0.01
2	0.75	1	8	41	0.25	0.75	a.png	h.png	2669.33	2669.31	0.47	-0.01S11	4	11	2	0.75	0	8	41	0.75	0.25	h.png	a.png	2672.03	2672.01	0.23	-0.01
2	0.75	0	8	41	0.75	0.25	h.png	a.png	2672.03	2672.01	0.23	-0.01S11	4	12	2	0.75	1	9	41	0.75	0.25	h.png	a.png	2674.52	2674.50	0.44	-0.02
2	0.75	1	9	41	0.75	0.25	h.png	a.png	2674.52	2674.50	0.44	-0.02S11	4	13	2	0.75	1	10	41	0.75	0.25	h.png	a.png	2677.23	2677.22	0.20	-0.01
2	0.75	1	10	41	0.75	0.25	h.png	a.png	2677.23	2677.22	0.20	-0.01S11	4	14	2	0.75	1	11	41	0.25	0.75	a.png	h.png	2679.90	2679.89	0.28	-0.01
2	0.75	1	11	41	0.25	0.75	a.png	h.png	2679.90	2679.89	0.28	-0.01S11	4	15	2	0.75	1	12	41	0.75	0.25	h.png	a.png	2682.49	2682.48	0.25	-0.01
2	0.75	1	12	41	0.75	0.25	h.png	a.png	2682.49	2682.48	0.25	-0.01S11	4	16	2	0.75	1	13	41	0.25	0.75	a.png	h.png	2685.50	2685.48	0.43	-0.02
2	0.75	1	13	41	0.25	0.75	a.png	h.png	2685.50	2685.48	0.43	-0.02S11	4	17	2	0.75	1	14	41	0.75	0.25	h.png	a.png	2688.29	2688.28	0.34	-0.01
2	0.75	1	14	41	0.75	0.25	h.png	a.png	2688.29	2688.28	0.34	-0.01S11	4	18	2	0.75	0	14	41	0.25	0.75	a.png	h.png	2690.93	2690.92	0.24	-0.01
2	0.75	0	14	41	0.25	0.75	a.png	h.png	2690.93	2690.92	0.24	-0.01S11	4	19	2	0.75	1	15	41	0.25	0.75	a.png	h.png	2693.54	2693.53	0.35	-0.01
2	0.75	1	15	41	0.25	0.75	a.png	h.png	2693.54	2693.53	0.35	-0.01S11	4	20	2	0.75	1	16	41	0.25	0.75	a.png	h.png	2696.21	2696.19	0.33	-0.02
2	0.75	1	16	41	0.25	0.75	a.png	h.png	2696.21	2696.19	0.33	-0.02S11	5	1	1	0.75	0	0	57	0.75	0.25	x.png	g.png	2703.22	2702.11	0.49	-1.11
1	0.75	0	0	57	0.75	0.25	x.png	g.png	2703.22	2702.11	0.49	-1.11S11	5	2	1	0.75	1	1	57	0.25	0.75	g.png	x.png	2705.97	2705.96	0.48	-0.01
1	0.75	1	1	57	0.25	0.75	g.png	x.png	2705.97	2705.96	0.48	-0.01S11	5	3	1	0.75	1	2	57	0.75	0.25	x.png	g.png	2708.68	2708.67	0.26	-0.01
1	0.75	1	2	57	0.75	0.25	x.png	g.png	2708.68	2708.67	0.26	-0.01S11	5	4	1	0.75	0	2	57	0.75	0.25	x.png	g.png	2711.42	2711.40	0.31	-0.02
1	0.75	0	2	57	0.75	0.25	x.png	g.png	2711.42	2711.40	0.31	-0.02S11	5	5	1	0.75	1	3	57	0.25	0.75	g.png	x.png	2713.83	2713.81	0.31	-0.02
1	0.75	1	3	57	0.25	0.75	g.png	x.png	2713.83	2713.81	0.31	-0.02S11	5	6	1	0.75	0	3	57	0.75	0.25	x.png	g.png	2716.69	2716.67	0.27	-0.02
1	0.75	0	3	57	0.75	0.25	x.png	g.png	2716.69	2716.67	0.27	-0.02S11	5	7	1	0.75	0	3	57	0.25	0.75	g.png	x.png	2719.13	2719.12	0.40	-0.01
1	0.75	0	3	57	0.25	0.75	g.png	x.png	2719.13	2719.12	0.40	-0.01S11	5	8	2	0.25	0	3	57	0.75	0.25	x.png	g.png	2723.06	2723.05	0.40	-0.01
2	0.25	0	3	57	0.75	0.25	x.png	g.png	2723.06	2723.05	0.40	-0.01S11	5	9	2	0.25	0	3	57	0.75	0.25	x.png	g.png	2725.40	2725.39	0.22	-0.01
2	0.25	0	3	57	0.75	0.25	x.png	g.png	2725.40	2725.39	0.22	-0.01S11	5	10	1	0.75	1	4	57	0.75	0.25	x.png	g.png	2727.71	2727.69	0.25	-0.02
1	0.75	1	4	57	0.75	0.25	x.png	g.png	2727.71	2727.69	0.25	-0.02S11	5	11	1	0.75	1	5	57	0.25	0.75	g.png	x.png	2730.30	2730.28	0.29	-0.02
1	0.75	1	5	57	0.25	0.75	g.png	x.png	2730.30	2730.28	0.29	-0.02S11	5	12	1	0.75	1	6	57	0.75	0.25	x.png	g.png	2733.03	2733.02	0.33	-0.01
1	0.75	1	6	57	0.75	0.25	x.png	g.png	2733.03	2733.02	0.33	-0.01S11	5	13	1	0.75	0	6	57	0.75	0.25	x.png	g.png	2736.00	2735.98	0.49	-0.02
1	0.75	0	6	57	0.75	0.25	x.png	g.png	2736.00	2735.98	0.49	-0.02S11	5	14	1	0.75	1	7	57	0.75	0.25	x.png	g.png	2738.50	2738.49	0.41	-0.01
1	0.75	1	7	57	0.75	0.25	x.png	g.png	2738.50	2738.49	0.41	-0.01S11	5	15	2	0.25	0	7	57	0.75	0.25	x.png	g.png	2740.90	2740.83	0.24	-0.07
2	0.25	0	7	57	0.75	0.25	x.png	g.png	2740.90	2740.83	0.24	-0.07S11	5	16	1	0.75	1	8	57	0.75	0.25	x.png	g.png	2743.30	2743.29	0.23	-0.01
1	0.75	1	8	57	0.75	0.25	x.png	g.png	2743.30	2743.29	0.23	-0.01S11	5	17	1	0.75	1	9	57	0.75	0.25	x.png	g.png	2746.36	2746.35	0.20	-0.01
1	0.75	1	9	57	0.75	0.25	x.png	g.png	2746.36	2746.35	0.20	-0.01S11	5	18	1	0.75	1	10	57	0.75	0.25	x.png	g.png	2749.46	2749.45	0.49	-0.01
1	0.75	1	10	57	0.75	0.25	x.png	g.png	2749.46	2749.45	0.49	-0.01S11	5	19	1	0.75	1	11	57	0.75	0.25	x.png	g.png	2752.41	2752.40	0.22	-0.02
1	0.75	1	11	57	0.75	0.25	x.png	g.png	2752.41	2752.40	0.22	-0.02S11	5	20	1	0.75	1	12	57	0.25	0.75	g.png	x.png	2755.21	2755.20	0.35	-0.02
1	0.75	1	12	57	0.25	0.75	g.png	x.png	2755.21	2755.20	0.35	-0.02S11	6	1	1	0.75	1	1	69	0.25	0.75	d.png	i.png	2761.06	2760.34	0.25	-0.72
1	0.75	1	1	69	0.25	0.75	d.png	i.png	2761.06	2760.34	0.25	-0.72S11	6	2	2	0.25	1	2	69	0.25	0.75	d.png	i.png	2764.05	2763.56	0.34	-0.49
2	0.25	1	2	69	0.25	0.75	d.png	i.png	2764.05	2763.56	0.34	-0.49S11	6	3	2	0.25	0	2	69	0.25	0.75	d.png	i.png	2768.67	2768.66	0.46	-0.02
2	0.25	0	2	69	0.25	0.75	d.png	i.png	2768.67	2768.66	0.46	-0.02S11	6	4	2	0.25	1	3	69	0.25	0.75	d.png	i.png	2771.20	2771.18	0.23	-0.01
2	0.25	1	3	69	0.25	0.75	d.png	i.png	2771.20	2771.18	0.23	-0.01S11	6	5	1	0.75	1	4	69	0.75	0.25	i.png	d.png	2773.96	2773.95	0.41	-0.01
1	0.75	1	4	69	0.75	0.25	i.png	d.png	2773.96	2773.95	0.41	-0.01S11	6	6	1	0.75	1	5	69	0.75	0.25	i.png	d.png	2776.58	2776.56	0.25	-0.02
1	0.75	1	5	69	0.75	0.25	i.png	d.png	2776.58	2776.56	0.25	-0.02S11	6	7	1	0.75	1	6	69	0.75	0.25	i.png	d.png	2779.14	2779.12	0.27	-0.02
1	0.75	1	6	69	0.75	0.25	i.png	d.png	2779.14	2779.12	0.27	-0.02S11	6	8	1	0.75	1	7	69	0.75	0.25	i.png	d.png	2781.97	2781.96	0.44	-0.02
1	0.75	1	7	69	0.75	0.25	i.png	d.png	2781.97	2781.96	0.44	-0.02S11	6	9	1	0.75	0	7	69	0.75	0.25	i.png	d.png	2784.58	2784.57	0.48	-0.01
1	0.75	0	7	69	0.75	0.25	i.png	d.png	2784.58	2784.57	0.48	-0.01S11	6	10	2	0.25	0	7	69	0.25	0.75	d.png	i.png	2787.31	2787.29	0.27	-0.01
2	0.25	0	7	69	0.25	0.75	d.png	i.png	2787.31	2787.29	0.27	-0.01S11	6	11	1	0.75	0	7	69	0.75	0.25	i.png	d.png	2789.65	2789.64	0.27	-0.01
1	0.75	0	7	69	0.75	0.25	i.png	d.png	2789.65	2789.64	0.27	-0.01S11	6	12	2	0.25	1	8	69	0.25	0.75	d.png	i.png	2792.20	2792.19	0.50	-0.01
2	0.25	1	8	69	0.25	0.75	d.png	i.png	2792.20	2792.19	0.50	-0.01S11	6	13	2	0.25	0	8	69	0.25	0.75	d.png	i.png	2794.69	2794.68	0.44	-0.01
2	0.25	0	8	69	0.25	0.75	d.png	i.png	2794.69	2794.68	0.44	-0.01S11	6	14	2	0.25	0	8	69	0.25	0.75	d.png	i.png	2796.79	2796.78	0.22	-0.01
2	0.25	0	8	69	0.25	0.75	d.png	i.png	2796.79	2796.78	0.22	-0.01S11	6	15	1	0.75	0	8	69	0.75	0.25	i.png	d.png	2799.00	2798.99	0.23	-0.01
1	0.75	0	8	69	0.75	0.25	i.png	d.png	2799.00	2798.99	0.23	-0.01S11	6	16	1	0.75	1	9	69	0.75	0.25	i.png	d.png	2802.22	2802.20	0.50	-0.01
1	0.75	1	9	69	0.75	0.25	i.png	d.png	2802.22	2802.20	0.50	-0.01S11	6	17	1	0.75	1	10	69	0.75	0.25	i.png	d.png	2805.04	2805.02	0.35	-0.02
1	0.75	1	10	69	0.75	0.25	i.png	d.png	2805.04	2805.02	0.35	-0.02S11	6	18	1	0.75	0	10	69	0.75	0.25	i.png	d.png	2807.67	2807.66	0.26	-0.01
1	0.75	0	10	69	0.75	0.25	i.png	d.png	2807.67	2807.66	0.26	-0.01S11	6	19	2	0.25	0	10	69	0.25	0.75	d.png	i.png	2810.10	2810.09	0.35	-0.01
2	0.25	0	10	69	0.25	0.75	d.png	i.png	2810.10	2810.09	0.35	-0.01S11	6	20	1	0.75	0	10	69	0.75	0.25	i.png	d.png	2813.05	2813.04	0.40	-0.02
1	0.75	0	10	69	0.75	0.25	i.png	d.png	2813.05	2813.04	0.40	-0.02