S12	1	1	2	0.75	1	1	0	0.25	0.75	l.png	r.png	2978.96	2978.95	0.34	-0.01
2	0.75	1	1	0	0.25	0.75	l.png	r.png	2978.96	2978.95	0.34	-0.01S12	1	2	2	0.75	1	2	0	0.75	0.25	r.png	l.png	2981.93	2981.92	0.43	-0.01
2	0.75	1	2	0	0.75	0.25	r.png	l.png	2981.93	2981.92	0.43	-0.01S12	1	3	2	0.75	1	3	0	0.75	0.25	r.png	l.png	2984.88	2984.87	0.47	-0.01
2	0.75	1	3	0	0.75	0.25	r.png	l.png	2984.88	2984.87	0.47	-0.01S12	1	4	2	0.75	1	4	0	0.75	0.25	r.png	l.png	2987.55	2987.53	0.24	-0.02
2	0.75	1	4	0	0.75	0.25	r.png	l.png	2987.55	2987.53	0.24	-0.02S12	1	5	2	0.75	0	4	0	0.75	0.25	r.png	l.png	2990.49	2990.42	0.41	-0.08
2	0.75	0	4	0	0.75	0.25	r.png	l.png	2990.49	2990.42	0.41	-0.08S12	1	6	2	0.75	1	5	0	0.25	0.75	l.png	r.png	2992.78	2992.77	0.28	-0.01
2	0.75	1	5	0	0.25	0.75	l.png	r.png	2992.78	2992.77	0.28	-0.01S12	1	7	2	0.75	1	6	0	0.25	0.75	l.png	r.png	2995.74	2995.73	0.47	-0.01
2	0.75	1	6	0	0.25	0.75	l.png	r.png	2995.74	2995.73	0.47	-0.01S12	1	8	2	0.75	1	7	0	0.75	0.25	r.png	l.png	2998.54	2998.52	0.43	-0.02
2	0.75	1	7	0	0.75	0.25	r.png	l.png	2998.54	2998.52	0.43	-0.02S12	1	9	2	0.75	1	8	0	0.75	0.25	r.png	l.png	3001.46	3001.45	0.39	-0.01
2	0.75	1	8	0	0.75	0.25	r.png	l.png	3001.46	3001.45	0.39	-0.01S12	1	10	2	0.75	1	9	0	0.75	0.25	r.png	l.png	3004.45	3004.44	0.50	-0.02
2	0.75	1	9	0	0.75	0.25	r.png	l.png	3004.45	3004.44	0.50	-0.02S12	1	11	2	0.75	1	10	0	0.25	0.75	l.png	r.png	3007.13	3007.12	0.25	-0.01
2	0.75	1	10	0	0.25	0.75	l.png	r.png	3007.13	3007.12	0.25	-0.01S12	1	12	2	0.75	1	11	0	0.25	0.75	l.png	r.png	3010.00	3009.98	0.41	-0.01
2	0.75	1	11	0	0.25	0.75	l.png	r.png	3010.00	3009.98	0.41	-0.01S12	1	13	2	0.75	1	12	0	0.75	0.25	r.png	l.png	3012.99	3012.98	0.27	-0.01
2	0.75	1	12	0	0.75	0.25	r.png	l.png	3012.99	3012.98	0.27	-0.01S12	1	14	2	0.75	1	13	0	0.25	0.75	l.png	r.png	3016.20	3016.18	0.49	-0.02
2	0.75	1	13	0	0.25	0.75	l.png	r.png	3016.20	3016.18	0.49	-0.02S12	1	15	2	0.75	1	14	0	0.25	0.75	l.png	r.png	3019.01	3019.00	0.49	-0.01
2	0.75	1	14	0	0.25	0.75	l.png	r.png	3019.01	3019.00	0.49	-0.01S12	1	16	2	0.75	0	14	0	0.75	0.25	r.png	l.png	3021.90	3021.89	0.42	-0.02
2	0.75	0	14	0	0.75	0.25	r.png	l.png	3021.90	3021.89	0.42	-0.02S12	1	17	2	0.75	1	15	0	0.75	0.25	r.png	l.png	3024.22	3024.21	0.27	-0.01
2	0.75	1	15	0	0.75	0.25	r.png	l.png	3024.22	3024.21	0.27	-0.01S12	1	18	2	0.75	1	16	0	0.25	0.75	l.png	r.png	3026.88	3026.86	0.28	-0.02
2	0.75	1	16	0	0.25	0.75	l.png	r.png	3026.88	3026.86	0.28	-0.02S12	1	19	2	0.75	1	17	0	0.75	0.25	r.png	l.png	3029.79	3029.78	0.43	-0.01
2	0.75	1	17	0	0.75	0.25	r.png	l.png	3029.79	3029.78	0.43	-0.01S12	1	20	2	0.75	1	18	0	0.75	0.25	r.png	l.png	3032.57	3032.56	0.27	-0.01
2	0.75	1	18	0	0.75	0.25	r.png	l.png	3032.57	3032.56	0.27	-0.01S12	2	1	2	0.25	0	0	18	0.75	0.25	g.png	h.png	3039.67	3039.65	0.33	-0.01
2	0.25	0	0	18	0.75	0.25	g.png	h.png	3039.67	3039.65	0.33	-0.01S12	2	2	1	0.75	1	1	18	0.75	0.25	g.png	h.png	3042.04	3042.02	0.41	-0.02
1	0.75	1	1	18	0.75	0.25	g.png	h.png	3042.04	3042.02	0.41	-0.02S12	2	3	1	0.75	1	2	18	0.75	0.25	g.png	h.png	3044.87	3044.86	0.43	-0.01
1	0.75	1	2	18	0.75	0.25	g.png	h.png	3044.87	3044.86	0.43	-0.01S12	2	4	1	0.75	1	3	18	0.75	0.25	g.png	h.png	3047.59	3047.58	0.30	-0.01
1	0.75	1	3	18	0.75	0.25	g.png	h.png	3047.59	3047.58	0.30	-0.01S12	2	5	1	0.75	1	4	18	0.25	0.75	h.png	g.png	3050.41	3050.40	0.40	-0.01
1	0.75	1	4	18	0.25	0.75	h.png	g.png	3050.41	3050.40	0.40	-0.01S12	2	6	1	0.75	1	5	18	0.75	0.25	g.png	h.png	3053.74	3053.73	0.24	-0.01
1	0.75	1	5	18	0.75	0.25	g.png	h.png	3053.74	3053.73	0.24	-0.01S12	2	7	1	0.75	1	6	18	0.25	0.75	h.png	g.png	3056.34	3056.33	0.22	-0.01
1	0.75	1	6	18	0.25	0.75	h.png	g.png	3056.34	3056.33	0.22	-0.01S12	2	8	1	0.75	1	7	18	0.75	0.25	g.png	h.png	3059.46	3059.44	0.50	-0.02
1	0.75	1	7	18	0.75	0.25	g.png	h.png	3059.46	3059.44	0.50	-0.02S12	2	9	1	0.75	1	8	18	0.25	0.75	h.png	g.png	3062.27	3062.26	0.44	-0.01
1	0.75	1	8	18	0.25	0.75	h.png	g.png	3062.27	3062.26	0.44	-0.01S12	2	10	1	0.75	1	9	18	0.25	0.75	h.png	g.png	3065.36	3065.35	0.49	-0.01
1	0.75	1	9	18	0.25	0.75	h.png	g.png	3065.36	3065.35	0.49	-0.01S12	2	11	1	0.75	1	10	18	0.25	0.75	h.png	g.png	3067.97	3067.96	0.28	-0.02
1	0.75	1	10	18	0.25	0.75	h.png	g.png	3067.97	3067.96	0.28	-0.02S12	2	12	1	0.75	1	11	18	0.75	0.25	g.png	h.png	3070.71	3070.69	0.24	-0.01
1	0.75	1	11	18	0.75	0.25	g.png	h.png	3070.71	3070.69	0.24	-0.01S12	2	13	1	0.75	0	11	18	0.75	0.25	g.png	h.png	3073.44	3073.43	0.39	-0.01
1	0.75	0	11	18	0.75	0.25	g.png	h.png	3073.44	3073.43	0.39	-0.01S12	2	14	1	0.75	0	11	18	0.75	0.25	g.png	h.png	3075.88	3075.86	0.41	-0.02
1	0.75	0	11	18	0.75	0.25	g.png	h.png	3075.88	3075.86	0.41	-0.02S12	2	15	1	0.75	1	12	18	0.25	0.75	h.png	g.png	3078.18	3078.17	0.31	-0.01
1	0.75	1	12	18	0.25	0.75	h.png	g.png	3078.18	3078.17	0.31	-0.01S12	2	16	1	0.75	1	13	18	0.75	0.25	g.png	h.png	3081.02	3081.01	0.48	-0.02
1	0.75	1	13	18	0.75	0.25	g.png	h.png	3081.02	3081.01	0.48	-0.02S12	2	17	1	0.75	0	13	18	0.25	0.75	h.png	g.png	3083.69	3083.68	0.33	-0.01
1	0.75	0	13	18	0.25	0.75	h.png	g.png	3083.69	3083.68	0.33	-0.01S12	2	18	1	0.75	1	14	18	0.75	0.25	g.png	h.png	3086.07	3086.05	0.39	-0.02
1	0.75	1	14	18	0.75	0.25	g.png	h.png	3086.07	3086.05	0.39	-0.02S12	2	19	1	0.75	1	15	18	0.25	0.75	h.png	g.png	3088.68	3088.67	0.36	-0.01
1	0.75	1	15	18	0.25	0.75	h.png	g.png	3088.68	3088.67	0.36	-0.01S12	2	20	1	0.75	1	16	18	0.75	0.25	g.png	h.png	3091.31	3091.30	0.23	-0.01
1	0.75	1	16	18	0.75	0.25	g.png	h.png	3091.31	3091.30	0.23	-0.01S12	3	1	1	0.75	0	0	34	0.25	0.75	j.png	p.png	3097.84	3097.83	0.28	-0.02
1	0.75	0	0	34	0.25	0.75	j.png	p.png	3097.84	3097.83	0.28	-0.02S12	3	2	2	0.25	0	0	34	0.75	0.25	p.png	j.png	3100.27	3100.25	0.31	-0.01
2	0.25	0	0	34	0.75	0.25	p.png	j.png	3100.27	3100.25	0.31	-0.01S12	3	3	2	0.25	0	0	34	0.25	0.75	j.png	p.png	3103.49	3103.48	0.31	-0.01
2	0.25	0	0	34	0.25	0.75	j.png	p.png	3103.49	3103.48	0.31	-0.01S12	3	4	2	0.25	1	1	34	0.75	0.25	p.png	j.png	3106.00	3105.98	0.41	-0.02
2	0.25	1	1	34	0.75	0.25	p.png	j.png	3106.00	3105.98	0.41	-0.02S12	3	5	2	0.25	0	1	34	0.75	0.25	p.png	j.png	3108.77	3108.75	0.42	-0.02
2	0.25	0	1	34	0.75	0.25	p.png	j.png	3108.77	3108.75	0.42	-0.02S12	3	6	2	0.25	0	1	34	0.75	0.25	p.png	j.png	3111.07	3111.06	0.27	-0.01
2	0.25	0	1	34	0.75	0.25	p.png	j.png	3111.07	3111.06	0.27	-0.01S12	3	7	1	0.75	1	2	34	0.25	0.75	j.png	p.png	3113.61	3113.60	0.50	-0.01
1	0.75	1	2	34	0.25	0.75	j.png	p.png	3113.61	3113.60	0.50	-0.01S12	3	8	1	0.75	1	3	34	0.75	0.25	p.png	j.png	3116.36	3116.34	0.27	-0.01
1	0.75	1	3	34	0.75	0.25	p.png	j.png	3116.36	3116.34	0.27	-0.01S12	3	9	1	0.75	1	4	34	0.75	0.25	p.png	j.png	3118.99	3118.97	0.34	-0.02
1	0.75	1	4	34	0.75	0.25	p.png	j.png	3118.99	3118.97	0.34	-0.02S12	3	10	1	0.75	1	5	34	0.75	0.25	p.png	j.png	3121.85	3121.84	0.44	-0.01
1	0.75	1	5	34	0.75	0.25	p.png	j.png	3121.85	3121.84	0.44	-0.01S12	3	11	1	0.75	1	6	34	0.75	0.25	p.png	j.png	3124.50	3124.48	0.32	-0.02
1	0.75	1	6	34	0.75	0.25	p.png	j.png	3124.50	3124.48	0.32	-0.02S12	3	12	1	0.75	1	7	34	0.75	0.25	p.png	j.png	3127.32	3127.31	0.48	-0.01
1	0.75	1	7	34	0.75	0.25	p.png	j.png	3127.32	3127.31	0.48	-0.01S12	3	13	1	0.75	1	8	34	0.25	0.75	j.png	p.png	3130.07	3130.05	0.34	-0.02
1	0.75	1	8	34	0.25	0.75	j.png	p.png	3130.07	3130.05	0.34	-0.02S12	3	14	1	0.75	1	9	34	0.75	0.25	p.png	j.png	3133.14	3133.13	0.43	-0.01
1	0.75	1	9	34	0.75	0.25	p.png	j.png	3133.14	3133.13	0.43	-0.01S12	3	15	1	0.75	1	10	34	0.25	0.75	j.png	p.png	3135.74	3135.72	0.28	-0.02
1	0.75	1	10	34	0.25	0.75	j.png	p.png	3135.74	3135.72	0.28	-0.02S12	3	16	1	0.75	1	11	34	0.75	0.25	p.png	j.png	3138.37	3138.36	0.24	-0.01
1	0.75	1	11	34	0.75	0.25	p.png	j.png	3138.37	3138.36	0.24	-0.01S12	3	17	1	0.75	1	12	34	0.25	0.75	j.png	p.png	3141.12	3141.11	0.31	-0.02
1	0.75	1	12	34	0.25	0.75	j.png	p.png	3141.12	3141.11	0.31	-0.02S12	3	18	1	0.75	1	13	34	0.25	0.75	j.png	p.png	3144.06	3144.04	0.24	-0.02
1	0.75	1	13	34	0.25	0.75	j.png	p.png	3144.06	3144.04	0.24	-0.02S12	3	19	1	0.75	0	13	34	0.75	0.25	p.png	j.png	3146.87	3146.86	0.39	-0.01
1	0.75	0	13	34	0.75	0.25	p.png	j.png	3146.87	3146.86	0.39	-0.01S12	3	20	1	0.75	0	13	34	0.75	0.25	p.png	j.png	3149.36	3149.35	0.49	-0.01
1	0.75	0	13	34	0.75	0.25	p.png	j.png	3149.36	3149.35	0.49	-0.01S12	4	1	1	0.25	0	0	47	0.75	0.25	f.png	o.png	3154.95	3154.94	0.48	-0.02
1	0.25	0	0	47	0.75	0.25	f.png	o.png	3154.95	3154.94	0.48	-0.02S12	4	2	1	0.25	0	0	47	0.75	0.25	f.png	o.png	3157.44	3157.43	0.48	-0.01
1	0.25	0	0	47	0.75	0.25	f.png	o.png	3157.44	3157.43	0.48	-0.01S12	4	3	2	0.75	0	0	47	0.75	0.25	f.png	o.png	3159.67	3159.65	0.33	-0.01
2	0.75	0	0	47	0.75	0.25	f.png	o.png	3159.67	3159.65	0.33	-0.01S12	4	4	2	0.75	0	0	47	0.25	0.75	o.png	f.png	3161.97	3161.95	0.28	-0.02
2	0.75	0	0	47	0.25	0.75	o.png	f.png	3161.97	3161.95	0.28	-0.02S12	4	5	2	0.75	0	0	47	0.75	0.25	f.png	o.png	3164.28	3164.26	0.29	-0.02
2	0.75	0	0	47	0.75	0.25	f.png	o.png	3164.28	3164.26	0.29	-0.02S12	4	6	1	0.25	1	1	47	0.75	0.25	f.png	o.png	3166.60	3166.59	0.35	-0.01
1	0.25	1	1	47	0.75	0.25	f.png	o.png	3166.60	3166.59	0.35	-0.01S12	4	7	1	0.25	0	1	47	0.75	0.25	f.png	o.png	3169.15	3169.14	0.25	-0.01
1	0.25	0	1	47	0.75	0.25	f.png	o.png	3169.15	3169.14	0.25	-0.01S12	4	8	1	0.25	1	2	47	0.25	0.75	o.png	f.png	3171.47	3171.46	0.32	-0.02
1	0.25	1	2	47	0.25	0.75	o.png	f.png	3171.47	3171.46	0.32	-0.02S12	4	9	1	0.25	0	2	47	0.25	0.75	o.png	f.png	3174.04	3174.02	0.26	-0.01
1	0.25	0	2	47	0.25	0.75	o.png	f.png	3174.04	3174.02	0.26	-0.01S12	4	10	1	0.25	0	2	47	0.75	0.25	f.png	o.png	3176.53	3176.51	0.46	-0.02
1	0.25	0	2	47	0.75	0.25	f.png	o.png	3176.53	3176.51	0.46	-0.02S12	4	11	1	0.25	0	2	47	0.25	0.75	o.png	f.png	3178.95	3178.93	0.41	-0.02
1	0.25	0	2	47	0.25	0.75	o.png	f.png	3178.95	3178.93	0.41	-0.02S12	4	12	2	0.75	1	3	47	0.25	0.75	o.png	f.png	3181.44	3181.42	0.46	-0.02
2	0.75	1	3	47	0.25	0.75	o.png	f.png	3181.44	3181.42	0.46	-0.02S12	4	13	2	0.75	1	4	47	0.75	0.25	f.png	o.png	3184.29	3184.28	0.41	-0.01
2	0.75	1	4	47	0.75	0.25	f.png	o.png	3184.29	3184.28	0.41	-0.01S12	4	14	2	0.75	1	5	47	0.25	0.75	o.png	f.png	3187.28	3187.12	0.44	-0.17
2	0.75	1	5	47	0.25	0.75	o.png	f.png	3187.28	3187.12	0.44	-0.17S12	4	15	2	0.75	1	6	47	0.25	0.75	o.png	f.png	3189.99	3189.97	0.29	-0.02
2	0.75	1	6	47	0.25	0.75	o.png	f.png	3189.99	3189.97	0.29	-0.02S12	4	16	2	0.75	1	7	47	0.25	0.75	o.png	f.png	3192.58	3192.57	0.27	-0.01
2	0.75	1	7	47	0.25	0.75	o.png	f.png	3192.58	3192.57	0.27	-0.01S12	4	17	2	0.75	0	7	47	0.75	0.25	f.png	o.png	3195.20	3195.19	0.21	-0.01
2	0.75	0	7	47	0.75	0.25	f.png	o.png	3195.20	3195.19	0.21	-0.01S12	4	18	2	0.75	1	8	47	0.75	0.25	f.png	o.png	3197.56	3197.54	0.38	-0.02
2	0.75	1	8	47	0.75	0.25	f.png	o.png	3197.56	3197.54	0.38	-0.02S12	4	19	1	0.25	0	8	47	0.25	0.75	o.png	f.png	3200.24	3200.23	0.42	-0.01
1	0.25	0	8	47	0.25	0.75	o.png	f.png	3200.24	3200.23	0.42	-0.01S12	4	20	2	0.75	1	9	47	0.75	0.25	f.png	o.png	3202.63	3202.62	0.23	-0.02
2	0.75	1	9	47	0.75	0.25	f.png	o.png	3202.63	3202.62	0.23	-0.02S12	5	1	1	0.25	1	1	56	0.75	0.25	m.png	t.png	3207.98	3207.97	0.21	-0.01
1	0.25	1	1	56	0.75	0.25	m.png	t.png	3207.98	3207.97	0.21	-0.01S12	5	2	2	0.75	0	1	56	0.25	0.75	t.png	m.png	3210.63	3210.62	0.41	-0.01
2	0.75	0	1	56	0.25	0.75	t.png	m.png	3210.63	3210.62	0.41	-0.01S12	5	3	1	0.25	0	1	56	0.75	0.25	m.png	t.png	3213.02	3213.00	0.34	-0.02
1	0.25	0	1	56	0.75	0.25	m.png	t.png	3213.02	3213.00	0.34	-0.02S12	5	4	1	0.25	1	2	56	0.25	0.75	t.png	m.png	3215.57	3215.55	0.49	-0.02
1	0.25	1	2	56	0.25	0.75	t.png	m.png	3215.57	3215.55	0.49	-0.02S12	5	5	1	0.25	0	2	56	0.75	0.25	m.png	t.png	3218.09	3218.08	0.21	-0.02
1	0.25	0	2	56	0.75	0.25	m.png	t.png	3218.09	3218.08	0.21	-0.02S12	5	6	1	0.25	0	2	56	0.25	0.75	t.png	m.png	3220.62	3220.60	0.45	-0.01
1	0.25	0	2	56	0.25	0.75	t.png	m.png	3220.62	3220.60	0.45	-0.01S12	5	7	1	0.25	1	3	56	0.75	0.25	m.png	t.png	3223.08	3223.07	0.23	-0.01
1	0.25	1	3	56	0.75	0.25	m.png	t.png	3223.08	3223.07	0.23	-0.01S12	5	8	1	0.25	0	3	56	0.75	0.25	m.png	t.png	3225.75	3225.74	0.40	-0.01
1	0.25	0	3	56	0.75	0.25	m.png	t.png	3225.75	3225.74	0.40	-0.01S12	5	9	2	0.75	1	4	56	0.75	0.25	m.png	t.png	3228.27	3228.26	0.36	-0.01
2	0.75	1	4	56	0.75	0.25	m.png	t.png	3228.27	3228.26	0.36	-0.01S12	5	10	2	0.75	1	5	56	0.75	0.25	m.png	t.png	3231.19	3231.18	0.49	-0.01
2	0.75	1	5	56	0.75	0.25	m.png	t.png	3231.19	3231.18	0.49	-0.01S12	5	11	2	0.75	0	5	56	0.25	0.75	t.png	m.png	3233.85	3233.83	0.28	-0.01
2	0.75	0	5	56	0.25	0.75	t.png	m.png	3233.85	3233.83	0.28	-0.01S12	5	12	2	0.75	1	6	56	0.25	0.75	t.png	m.png	3236.08	3236.07	0.24	-0.01
2	0.75	1	6	56	0.25	0.75	t.png	m.png	3236.08	3236.07	0.24	-0.01S12	5	13	2	0.75	1	7	56	0.25	0.75	t.png	m.png	3238.60	3238.59	0.25	-0.01
2	0.75	1	7	56	0.25	0.75	t.png	m.png	3238.60	3238.59	0.25	-0.01S12	5	14	2	0.75	1	8	56	0.25	0.75	t.png	m.png	3241.27	3241.26	0.29	-0.01
2	0.75	1	8	56	0.25	0.75	t.png	m.png	3241.27	3241.26	0.29	-0.01S12	5	15	2	0.75	0	8	56	0.25	0.75	t.png	m.png	3244.06	3244.05	0.38	-0.01
2	0.75	0	8	56	0.25	0.75	t.png	m.png	3244.06	3244.05	0.38	-0.01S12	5	16	2	0.75	0	8	56	0.75	0.25	m.png	t.png	3246.50	3246.49	0.31	-0.02
2	0.75	0	8	56	0.75	0.25	m.png	t.png	3246.50	3246.49	0.31	-0.02S12	5	17	2	0.75	1	9	56	0.75	0.25	m.png	t.png	3249.12	3249.10	0.28	-0.02
2	0.75	1	9	56	0.75	0.25	m.png	t.png	3249.12	3249.10	0.28	-0.02S12	5	18	2	0.75	1	10	56	0.25	0.75	t.png	m.png	3251.86	3251.85	0.47	-0.01
2	0.75	1	10	56	0.25	0.75	t.png	m.png	3251.86	3251.85	0.47	-0.01S12	5	19	2	0.75	1	11	56	0.25	0.75	t.png	m.png	3254.55	3254.54	0.38	-0.01
2	0.75	1	11	56	0.25	0.75	t.png	m.png	3254.55	3254.54	0.38	-0.01S12	5	20	2	0.75	0	11	56	0.25	0.75	t.png	m.png	3257.19	3257.18	0.35	-0.01
2	0.75	0	11	56	0.25	0.75	t.png	m.png	3257.19	3257.18	0.35	-0.01S12	6	1	1	0.75	0	0	67	0.25	0.75	c.png	s.png	3262.03	3262.02	0.24	-0.01
1	0.75	0	0	67	0.25	0.75	c.png	s.png	3262.03	3262.02	0.24	-0.01S12	6	2	1	0.75	1	1	67	0.75	0.25	s.png	c.png	3264.68	3264.66	0.49	-0.02
1	0.75	1	1	67	0.75	0.25	s.png	c.png	3264.68	3264.66	0.49	-0.02S12	6	3	2	0.25	1	2	67	0.25	0.75	c.png	s.png	3267.50	3267.49	0.49	-0.01
2	0.25	1	2	67	0.25	0.75	c.png	s.png	3267.50	3267.49	0.49	-0.01S12	6	4	2	0.25	0	2	67	0.75	0.25	s.png	c.png	3270.41	3270.40	0.42	-0.01
2	0.25	0	2	67	0.75	0.25	s.png	c.png	3270.41	3270.40	0.42	-0.01S12	6	5	1	0.75	0	2	67	0.75	0.25	s.png	c.png	3274.19	3274.18	0.38	-0.02
1	0.75	0	2	67	0.75	0.25	s.png	c.png	3274.19	3274.18	0.38	-0.02S12	6	6	1	0.75	1	3	67	0.25	0.75	c.png	s.png	3276.64	3276.63	0.41	-0.01
1	0.75	1	3	67	0.25	0.75	c.png	s.png	3276.64	3276.63	0.41	-0.01S12	6	7	1	0.75	1	4	67	0.75	0.25	s.png	c.png	3279.31	3279.30	0.30	-0.01
1	0.75	1	4	67	0.75	0.25	s.png	c.png	3279.31	3279.30	0.30	-0.01S12	6	8	1	0.75	1	5	67	0.75	0.25	s.png	c.png	3281.60	3281.58	0.21	-0.02
1	0.75	1	5	67	0.75	0.25	s.png	c.png	3281.60	3281.58	0.21	-0.02S12	6	9	2	0.25	0	5	67	0.25	0.75	c.png	s.png	3283.96	3283.95	0.30	-0.01
2	0.25	0	5	67	0.25	0.75	c.png	s.png	3283.96	3283.95	0.30	-0.01S12	6	10	1	0.75	1	6	67	0.25	0.75	c.png	s.png	3286.35	3286.33	0.33	-0.02
1	0.75	1	6	67	0.25	0.75	c.png	s.png	3286.35	3286.33	0.33	-0.02S12	6	11	1	0.75	1	7	67	0.75	0.25	s.png	c.png	3289.35	3289.34	0.48	-0.02
1	0.75	1	7	67	0.75	0.25	s.png	c.png	3289.35	3289.34	0.48	-0.02S12	6	12	1	0.75	1	8	67	0.75	0.25	s.png	c.png	3292.07	3292.07	0.29	-0.01
1	0.75	1	8	67	0.75	0.25	s.png	c.png	3292.07	3292.07	0.29	-0.01S12	6	13	1	0.75	1	9	67	0.75	0.25	s.png	c.png	3294.95	3294.93	0.45	-0.01
1	0.75	1	9	67	0.75	0.25	s.png	c.png	3294.95	3294.93	0.45	-0.01S12	6	14	1	0.75	1	10	67	0.75	0.25	s.png	c.png	3297.60	3297.59	0.31	-0.01
1	0.75	1	10	67	0.75	0.25	s.png	c.png	3297.60	3297.59	0.31	-0.01S12	6	15	1	0.75	1	11	67	0.75	0.25	s.png	c.png	3300.42	3300.41	0.48	-0.01
1	0.75	1	11	67	0.75	0.25	s.png	c.png	3300.42	3300.41	0.48	-0.01S12	6	16	1	0.75	1	12	67	0.25	0.75	c.png	s.png	3303.07	3303.06	0.32	-0.01
1	0.75	1	12	67	0.25	0.75	c.png	s.png	3303.07	3303.06	0.32	-0.01S12	6	17	1	0.75	1	13	67	0.75	0.25	s.png	c.png	3306.24	3306.23	0.44	-0.02
1	0.75	1	13	67	0.75	0.25	s.png	c.png	3306.24	3306.23	0.44	-0.02S12	6	18	1	0.75	1	14	67	0.75	0.25	s.png	c.png	3309.04	3309.02	0.44	-0.02
1	0.75	1	14	67	0.75	0.25	s.png	c.png	3309.04	3309.02	0.44	-0.02S12	6	19	1	0.75	1	15	67	0.25	0.75	c.png	s.png	3311.84	3311.82	0.48	-0.02
1	0.75	1	15	67	0.25	0.75	c.png	s.png	3311.84	3311.82	0.48	-0.02S12	6	20	1	0.75	1	16	67	0.75	0.25	s.png	c.png	3314.45	3314.43	0.22	-0.01
1	0.75	1	16	67	0.75	0.25	s.png	c.png	3314.45	3314.43	0.22	-0.01