AA03S1	1	1	1	1	0.75	1	1	0	0.75	0.25	d.png	s.png	1021811.27	1021811.26	0.22	-0.01
1	0.75	1	1	0	0.75	0.25	d.png	s.png	1021811.27	1021811.26	0.22	-0.01AA03S1	1	1	2	2	0.25	1	2	0	0.75	0.25	d.png	s.png	1021813.79	1021813.78	0.22	-0.02
2	0.25	1	2	0	0.75	0.25	d.png	s.png	1021813.79	1021813.78	0.22	-0.02AA03S1	1	1	3	1	0.75	1	3	0	0.75	0.25	d.png	s.png	1021816.55	1021816.54	0.43	-0.01
1	0.75	1	3	0	0.75	0.25	d.png	s.png	1021816.55	1021816.54	0.43	-0.01AA03S1	1	1	4	2	0.25	1	4	0	0.75	0.25	d.png	s.png	1021819.86	1021819.85	0.45	-0.01
2	0.25	1	4	0	0.75	0.25	d.png	s.png	1021819.86	1021819.85	0.45	-0.01AA03S1	1	1	5	1	0.75	0	4	0	0.75	0.25	d.png	s.png	1021822.77	1021822.76	0.35	-0.01
1	0.75	0	4	0	0.75	0.25	d.png	s.png	1021822.77	1021822.76	0.35	-0.01AA03S1	1	1	6	2	0.25	0	4	0	0.75	0.25	d.png	s.png	1021825.15	1021825.14	0.45	-0.01
2	0.25	0	4	0	0.75	0.25	d.png	s.png	1021825.15	1021825.14	0.45	-0.01AA03S1	1	1	7	2	0.25	1	5	0	0.25	0.75	s.png	d.png	1021828.16	1021828.15	0.36	-0.01
2	0.25	1	5	0	0.25	0.75	s.png	d.png	1021828.16	1021828.15	0.36	-0.01AA03S1	1	1	8	1	0.75	1	6	0	0.75	0.25	d.png	s.png	1021830.61	1021830.60	0.39	-0.01
1	0.75	1	6	0	0.75	0.25	d.png	s.png	1021830.61	1021830.60	0.39	-0.01AA03S1	1	1	9	2	0.25	0	6	0	0.25	0.75	s.png	d.png	1021833.49	1021833.48	0.36	-0.01
2	0.25	0	6	0	0.25	0.75	s.png	d.png	1021833.49	1021833.48	0.36	-0.01AA03S1	1	1	10	1	0.75	1	7	0	0.75	0.25	d.png	s.png	1021836.29	1021836.00	0.36	-0.29
1	0.75	1	7	0	0.75	0.25	d.png	s.png	1021836.29	1021836.00	0.36	-0.29AA03S1	1	1	11	1	0.75	1	8	0	0.25	0.75	s.png	d.png	1021838.88	1021838.87	0.24	-0.01
1	0.75	1	8	0	0.25	0.75	s.png	d.png	1021838.88	1021838.87	0.24	-0.01AA03S1	1	1	12	1	0.75	0	8	0	0.75	0.25	d.png	s.png	1021841.69	1021841.67	0.44	-0.02
1	0.75	0	8	0	0.75	0.25	d.png	s.png	1021841.69	1021841.67	0.44	-0.02AA03S1	1	1	13	1	0.75	0	8	0	0.25	0.75	s.png	d.png	1021843.98	1021843.96	0.25	-0.02
1	0.75	0	8	0	0.25	0.75	s.png	d.png	1021843.98	1021843.96	0.25	-0.02AA03S1	1	1	14	2	0.25	0	8	0	0.25	0.75	s.png	d.png	1021846.04	1021846.03	0.27	-0.01
2	0.25	0	8	0	0.25	0.75	s.png	d.png	1021846.04	1021846.03	0.27	-0.01AA03S1	1	1	15	1	0.75	1	9	0	0.75	0.25	d.png	s.png	1021848.69	1021848.68	0.28	-0.01
1	0.75	1	9	0	0.75	0.25	d.png	s.png	1021848.69	1021848.68	0.28	-0.01AA03S1	1	1	16	1	0.75	1	10	0	0.75	0.25	d.png	s.png	1021851.43	1021851.42	0.22	-0.01
1	0.75	1	10	0	0.75	0.25	d.png	s.png	1021851.43	1021851.42	0.22	-0.01AA03S1	1	1	17	2	0.25	0	10	0	0.25	0.75	s.png	d.png	1021854.34	1021854.33	0.26	-0.01
2	0.25	0	10	0	0.25	0.75	s.png	d.png	1021854.34	1021854.33	0.26	-0.01AA03S1	1	1	18	1	0.75	0	10	0	0.75	0.25	d.png	s.png	1021856.87	1021856.86	0.47	-0.01
1	0.75	0	10	0	0.75	0.25	d.png	s.png	1021856.87	1021856.86	0.47	-0.01AA03S1	1	1	19	1	0.75	1	11	0	0.25	0.75	s.png	d.png	1021859.49	1021859.48	0.44	-0.01
1	0.75	1	11	0	0.25	0.75	s.png	d.png	1021859.49	1021859.48	0.44	-0.01AA03S1	1	1	20	1	0.75	1	12	0	0.25	0.75	s.png	d.png	1021862.62	1021862.61	0.35	-0.01
1	0.75	1	12	0	0.25	0.75	s.png	d.png	1021862.62	1021862.61	0.35	-0.01AA03S1	1	2	1	1	0.75	0	0	12	0.75	0.25	Q.png	a.png	1021873.22	1021873.21	0.50	-0.01
1	0.75	0	0	12	0.75	0.25	Q.png	a.png	1021873.22	1021873.21	0.50	-0.01AA03S1	1	2	2	1	0.75	1	1	12	0.25	0.75	a.png	Q.png	1021875.60	1021875.59	0.23	-0.01
1	0.75	1	1	12	0.25	0.75	a.png	Q.png	1021875.60	1021875.59	0.23	-0.01AA03S1	1	2	3	1	0.75	0	1	12	0.75	0.25	Q.png	a.png	1021878.44	1021878.43	0.46	-0.01
1	0.75	0	1	12	0.75	0.25	Q.png	a.png	1021878.44	1021878.43	0.46	-0.01AA03S1	1	2	4	2	0.25	0	1	12	0.75	0.25	Q.png	a.png	1021880.81	1021880.79	0.33	-0.01
2	0.25	0	1	12	0.75	0.25	Q.png	a.png	1021880.81	1021880.79	0.33	-0.01AA03S1	1	2	5	2	0.25	0	1	12	0.75	0.25	Q.png	a.png	1021883.32	1021883.31	0.40	-0.01
2	0.25	0	1	12	0.75	0.25	Q.png	a.png	1021883.32	1021883.31	0.40	-0.01AA03S1	1	2	6	1	0.75	1	2	12	0.75	0.25	Q.png	a.png	1021885.69	1021885.67	0.38	-0.02
1	0.75	1	2	12	0.75	0.25	Q.png	a.png	1021885.69	1021885.67	0.38	-0.02AA03S1	1	2	7	1	0.75	1	3	12	0.75	0.25	Q.png	a.png	1021888.39	1021888.38	0.37	-0.01
1	0.75	1	3	12	0.75	0.25	Q.png	a.png	1021888.39	1021888.38	0.37	-0.01AA03S1	1	2	8	1	0.75	1	4	12	0.75	0.25	Q.png	a.png	1021890.96	1021890.95	0.28	-0.01
1	0.75	1	4	12	0.75	0.25	Q.png	a.png	1021890.96	1021890.95	0.28	-0.01AA03S1	1	2	9	1	0.75	0	4	12	0.25	0.75	a.png	Q.png	1021893.52	1021893.51	0.21	-0.01
1	0.75	0	4	12	0.25	0.75	a.png	Q.png	1021893.52	1021893.51	0.21	-0.01AA03S1	1	2	10	1	0.75	1	5	12	0.75	0.25	Q.png	a.png	1021896.13	1021896.12	0.49	-0.01
1	0.75	1	5	12	0.75	0.25	Q.png	a.png	1021896.13	1021896.12	0.49	-0.01AA03S1	1	2	11	1	0.75	0	5	12	0.25	0.75	a.png	Q.png	1021898.95	1021898.94	0.46	-0.01
1	0.75	0	5	12	0.25	0.75	a.png	Q.png	1021898.95	1021898.94	0.46	-0.01AA03S1	1	2	12	1	0.75	1	6	12	0.25	0.75	a.png	Q.png	1021901.47	1021901.46	0.44	-0.01
1	0.75	1	6	12	0.25	0.75	a.png	Q.png	1021901.47	1021901.46	0.44	-0.01AA03S1	1	2	13	1	0.75	1	7	12	0.25	0.75	a.png	Q.png	1021904.18	1021904.17	0.39	-0.01
1	0.75	1	7	12	0.25	0.75	a.png	Q.png	1021904.18	1021904.17	0.39	-0.01AA03S1	1	2	14	1	0.75	0	7	12	0.25	0.75	a.png	Q.png	1021907.00	1021906.99	0.49	-0.02
1	0.75	0	7	12	0.25	0.75	a.png	Q.png	1021907.00	1021906.99	0.49	-0.02AA03S1	1	2	15	1	0.75	0	7	12	0.75	0.25	Q.png	a.png	1021909.27	1021909.26	0.26	-0.02
1	0.75	0	7	12	0.75	0.25	Q.png	a.png	1021909.27	1021909.26	0.26	-0.02AA03S1	1	2	16	1	0.75	0	7	12	0.25	0.75	a.png	Q.png	1021911.60	1021911.59	0.30	-0.01
1	0.75	0	7	12	0.25	0.75	a.png	Q.png	1021911.60	1021911.59	0.30	-0.01AA03S1	1	2	17	1	0.75	0	7	12	0.75	0.25	Q.png	a.png	1021913.90	1021913.89	0.26	-0.01
1	0.75	0	7	12	0.75	0.25	Q.png	a.png	1021913.90	1021913.89	0.26	-0.01AA03S1	1	2	18	1	0.75	0	7	12	0.25	0.75	a.png	Q.png	1021916.18	1021916.17	0.29	-0.01
1	0.75	0	7	12	0.25	0.75	a.png	Q.png	1021916.18	1021916.17	0.29	-0.01AA03S1	1	2	19	2	0.25	0	7	12	0.25	0.75	a.png	Q.png	1021918.31	1021918.30	0.39	-0.01
2	0.25	0	7	12	0.25	0.75	a.png	Q.png	1021918.31	1021918.30	0.39	-0.01AA03S1	1	2	20	1	0.75	1	8	12	0.75	0.25	Q.png	a.png	1021920.61	1021920.60	0.36	-0.01
1	0.75	1	8	12	0.75	0.25	Q.png	a.png	1021920.61	1021920.60	0.36	-0.01AA03S1	1	3	1	1	0.75	0	0	20	0.25	0.75	u.png	t.png	1021930.32	1021930.31	0.46	-0.01
1	0.75	0	0	20	0.25	0.75	u.png	t.png	1021930.32	1021930.31	0.46	-0.01AA03S1	1	3	2	2	0.25	0	0	20	0.25	0.75	u.png	t.png	1021932.49	1021932.48	0.34	-0.01
2	0.25	0	0	20	0.25	0.75	u.png	t.png	1021932.49	1021932.48	0.34	-0.01AA03S1	1	3	3	1	0.75	1	1	20	0.75	0.25	t.png	u.png	1021934.88	1021934.87	0.32	-0.01
1	0.75	1	1	20	0.75	0.25	t.png	u.png	1021934.88	1021934.87	0.32	-0.01AA03S1	1	3	4	1	0.75	1	2	20	0.25	0.75	u.png	t.png	1021937.90	1021937.89	0.31	-0.02
1	0.75	1	2	20	0.25	0.75	u.png	t.png	1021937.90	1021937.89	0.31	-0.02AA03S1	1	3	5	1	0.75	1	3	20	0.25	0.75	u.png	t.png	1021941.57	1021941.56	0.34	-0.01
1	0.75	1	3	20	0.25	0.75	u.png	t.png	1021941.57	1021941.56	0.34	-0.01AA03S1	1	3	6	1	0.75	1	4	20	0.25	0.75	u.png	t.png	1021944.21	1021944.19	0.37	-0.02
1	0.75	1	4	20	0.25	0.75	u.png	t.png	1021944.21	1021944.19	0.37	-0.02AA03S1	1	3	7	1	0.75	0	4	20	0.75	0.25	t.png	u.png	1021946.92	1021946.91	0.40	-0.01
1	0.75	0	4	20	0.75	0.25	t.png	u.png	1021946.92	1021946.91	0.40	-0.01AA03S1	1	3	8	2	0.25	0	4	20	0.75	0.25	t.png	u.png	1021949.29	1021949.28	0.43	-0.01
2	0.25	0	4	20	0.75	0.25	t.png	u.png	1021949.29	1021949.28	0.43	-0.01AA03S1	1	3	9	2	0.25	1	5	20	0.25	0.75	u.png	t.png	1021951.70	1021951.69	0.50	-0.01
2	0.25	1	5	20	0.25	0.75	u.png	t.png	1021951.70	1021951.69	0.50	-0.01AA03S1	1	3	10	2	0.25	0	5	20	0.25	0.75	u.png	t.png	1021954.41	1021954.40	0.47	-0.01
2	0.25	0	5	20	0.25	0.75	u.png	t.png	1021954.41	1021954.40	0.47	-0.01AA03S1	1	3	11	1	0.75	1	6	20	0.75	0.25	t.png	u.png	1021957.03	1021957.02	0.40	-0.01
1	0.75	1	6	20	0.75	0.25	t.png	u.png	1021957.03	1021957.02	0.40	-0.01AA03S1	1	3	12	2	0.25	0	6	20	0.25	0.75	u.png	t.png	1021959.58	1021959.57	0.25	-0.01
2	0.25	0	6	20	0.25	0.75	u.png	t.png	1021959.58	1021959.57	0.25	-0.01AA03S1	1	3	13	1	0.75	1	7	20	0.25	0.75	u.png	t.png	1021961.90	1021961.89	0.37	-0.01
1	0.75	1	7	20	0.25	0.75	u.png	t.png	1021961.90	1021961.89	0.37	-0.01AA03S1	1	3	14	2	0.25	0	7	20	0.75	0.25	t.png	u.png	1021965.23	1021965.22	0.31	-0.01
2	0.25	0	7	20	0.75	0.25	t.png	u.png	1021965.23	1021965.22	0.31	-0.01AA03S1	1	3	15	2	0.25	0	7	20	0.25	0.75	u.png	t.png	1021967.37	1021967.36	0.23	-0.02
2	0.25	0	7	20	0.25	0.75	u.png	t.png	1021967.37	1021967.36	0.23	-0.02AA03S1	1	3	16	1	0.75	1	8	20	0.25	0.75	u.png	t.png	1021970.25	1021970.24	0.35	-0.01
1	0.75	1	8	20	0.25	0.75	u.png	t.png	1021970.25	1021970.24	0.35	-0.01AA03S1	1	3	17	1	0.75	1	9	20	0.75	0.25	t.png	u.png	1021973.09	1021973.08	0.50	-0.01
1	0.75	1	9	20	0.75	0.25	t.png	u.png	1021973.09	1021973.08	0.50	-0.01AA03S1	1	3	18	2	0.25	1	10	20	0.25	0.75	u.png	t.png	1021975.77	1021975.76	0.24	-0.01
2	0.25	1	10	20	0.25	0.75	u.png	t.png	1021975.77	1021975.76	0.24	-0.01AA03S1	1	3	19	1	0.75	0	10	20	0.75	0.25	t.png	u.png	1021978.41	1021978.40	0.35	-0.01
1	0.75	0	10	20	0.75	0.25	t.png	u.png	1021978.41	1021978.40	0.35	-0.01AA03S1	1	3	20	2	0.25	0	10	20	0.75	0.25	t.png	u.png	1021980.72	1021980.72	0.25	-0.01
2	0.25	0	10	20	0.75	0.25	t.png	u.png	1021980.72	1021980.72	0.25	-0.01AA03S1	1	4	1	2	0.25	1	1	30	0.25	0.75	f.png	v.png	1021988.75	1021988.74	0.31	-0.01
2	0.25	1	1	30	0.25	0.75	f.png	v.png	1021988.75	1021988.74	0.31	-0.01AA03S1	1	4	2	2	0.25	1	2	30	0.75	0.25	v.png	f.png	1021991.34	1021991.33	0.23	-0.01
2	0.25	1	2	30	0.75	0.25	v.png	f.png	1021991.34	1021991.33	0.23	-0.01AA03S1	1	4	3	2	0.25	0	2	30	0.75	0.25	v.png	f.png	1021994.11	1021994.10	0.40	-0.01
2	0.25	0	2	30	0.75	0.25	v.png	f.png	1021994.11	1021994.10	0.40	-0.01AA03S1	1	4	4	2	0.25	0	2	30	0.75	0.25	v.png	f.png	1021996.54	1021996.53	0.21	-0.01
2	0.25	0	2	30	0.75	0.25	v.png	f.png	1021996.54	1021996.53	0.21	-0.01AA03S1	1	4	5	2	0.25	0	2	30	0.25	0.75	f.png	v.png	1021998.81	1021998.81	0.38	-0.01
2	0.25	0	2	30	0.25	0.75	f.png	v.png	1021998.81	1021998.81	0.38	-0.01AA03S1	1	4	6	1	0.75	1	3	30	0.25	0.75	f.png	v.png	1022001.40	1022001.38	0.46	-0.02
1	0.75	1	3	30	0.25	0.75	f.png	v.png	1022001.40	1022001.38	0.46	-0.02AA03S1	1	4	7	2	0.25	0	3	30	0.25	0.75	f.png	v.png	1022004.14	1022004.13	0.39	-0.01
2	0.25	0	3	30	0.25	0.75	f.png	v.png	1022004.14	1022004.13	0.39	-0.01AA03S1	1	4	8	2	0.25	0	3	30	0.25	0.75	f.png	v.png	1022006.41	1022006.39	0.22	-0.02
2	0.25	0	3	30	0.25	0.75	f.png	v.png	1022006.41	1022006.39	0.22	-0.02AA03S1	1	4	9	1	0.75	1	4	30	0.25	0.75	f.png	v.png	1022008.63	1022008.62	0.47	-0.01
1	0.75	1	4	30	0.25	0.75	f.png	v.png	1022008.63	1022008.62	0.47	-0.01AA03S1	1	4	10	1	0.75	0	4	30	0.75	0.25	v.png	f.png	1022011.30	1022011.30	0.29	-0.01
1	0.75	0	4	30	0.75	0.25	v.png	f.png	1022011.30	1022011.30	0.29	-0.01AA03S1	1	4	11	1	0.75	1	5	30	0.25	0.75	f.png	v.png	1022014.89	1022014.88	0.38	-0.01
1	0.75	1	5	30	0.25	0.75	f.png	v.png	1022014.89	1022014.88	0.38	-0.01AA03S1	1	4	12	2	0.25	0	5	30	0.75	0.25	v.png	f.png	1022018.18	1022018.16	0.34	-0.02
2	0.25	0	5	30	0.75	0.25	v.png	f.png	1022018.18	1022018.16	0.34	-0.02AA03S1	1	4	13	1	0.75	1	6	30	0.75	0.25	v.png	f.png	1022020.86	1022020.84	0.25	-0.02
1	0.75	1	6	30	0.75	0.25	v.png	f.png	1022020.86	1022020.84	0.25	-0.02AA03S1	1	4	14	1	0.75	1	7	30	0.75	0.25	v.png	f.png	1022024.83	1022024.82	0.36	-0.01
1	0.75	1	7	30	0.75	0.25	v.png	f.png	1022024.83	1022024.82	0.36	-0.01AA03S1	1	4	15	2	0.25	1	8	30	0.25	0.75	f.png	v.png	1022028.07	1022028.07	0.39	-0.01
2	0.25	1	8	30	0.25	0.75	f.png	v.png	1022028.07	1022028.07	0.39	-0.01AA03S1	1	4	16	2	0.25	1	9	30	0.75	0.25	v.png	f.png	1022031.48	1022031.46	0.48	-0.02
2	0.25	1	9	30	0.75	0.25	v.png	f.png	1022031.48	1022031.46	0.48	-0.02AA03S1	1	4	17	1	0.75	1	10	30	0.75	0.25	v.png	f.png	1022034.22	1022034.21	0.41	-0.01
1	0.75	1	10	30	0.75	0.25	v.png	f.png	1022034.22	1022034.21	0.41	-0.01AA03S1	1	4	18	1	0.75	0	10	30	0.75	0.25	v.png	f.png	1022036.82	1022036.81	0.21	-0.01
1	0.75	0	10	30	0.75	0.25	v.png	f.png	1022036.82	1022036.81	0.21	-0.01AA03S1	1	4	19	1	0.75	1	11	30	0.25	0.75	f.png	v.png	1022039.22	1022039.21	0.21	-0.01
1	0.75	1	11	30	0.25	0.75	f.png	v.png	1022039.22	1022039.21	0.21	-0.01AA03S1	1	4	20	2	0.25	0	11	30	0.75	0.25	v.png	f.png	1022041.91	1022041.90	0.29	-0.01
2	0.25	0	11	30	0.75	0.25	v.png	f.png	1022041.91	1022041.90	0.29	-0.01AA03S1	1	5	1	2	0.25	0	0	41	0.75	0.25	b.png	x.png	1022050.12	1022050.10	0.42	-0.02
2	0.25	0	0	41	0.75	0.25	b.png	x.png	1022050.12	1022050.10	0.42	-0.02AA03S1	1	5	2	1	0.75	1	1	41	0.25	0.75	x.png	b.png	1022052.87	1022052.72	0.29	-0.15
1	0.75	1	1	41	0.25	0.75	x.png	b.png	1022052.87	1022052.72	0.29	-0.15AA03S1	1	5	3	1	0.75	1	2	41	0.25	0.75	x.png	b.png	1022055.62	1022055.61	0.38	-0.01
1	0.75	1	2	41	0.25	0.75	x.png	b.png	1022055.62	1022055.61	0.38	-0.01AA03S1	1	5	4	1	0.75	1	3	41	0.75	0.25	b.png	x.png	1022058.67	1022058.65	0.45	-0.02
1	0.75	1	3	41	0.75	0.25	b.png	x.png	1022058.67	1022058.65	0.45	-0.02AA03S1	1	5	5	1	0.75	0	3	41	0.75	0.25	b.png	x.png	1022061.70	1022061.69	0.46	-0.01
1	0.75	0	3	41	0.75	0.25	b.png	x.png	1022061.70	1022061.69	0.46	-0.01AA03S1	1	5	6	2	0.25	0	3	41	0.75	0.25	b.png	x.png	1022064.39	1022064.38	0.34	-0.01
2	0.25	0	3	41	0.75	0.25	b.png	x.png	1022064.39	1022064.38	0.34	-0.01AA03S1	1	5	7	2	0.25	0	3	41	0.25	0.75	x.png	b.png	1022066.77	1022066.76	0.34	-0.02
2	0.25	0	3	41	0.25	0.75	x.png	b.png	1022066.77	1022066.76	0.34	-0.02AA03S1	1	5	8	1	0.75	1	4	41	0.75	0.25	b.png	x.png	1022069.54	1022069.53	0.43	-0.01
1	0.75	1	4	41	0.75	0.25	b.png	x.png	1022069.54	1022069.53	0.43	-0.01AA03S1	1	5	9	1	0.75	1	5	41	0.25	0.75	x.png	b.png	1022072.45	1022072.44	0.29	-0.01
1	0.75	1	5	41	0.25	0.75	x.png	b.png	1022072.45	1022072.44	0.29	-0.01AA03S1	1	5	10	1	0.75	1	6	41	0.75	0.25	b.png	x.png	1022076.12	1022076.10	0.46	-0.02
1	0.75	1	6	41	0.75	0.25	b.png	x.png	1022076.12	1022076.10	0.46	-0.02AA03S1	1	5	11	1	0.75	1	7	41	0.25	0.75	x.png	b.png	1022079.45	1022079.44	0.28	-0.01
1	0.75	1	7	41	0.25	0.75	x.png	b.png	1022079.45	1022079.44	0.28	-0.01AA03S1	1	5	12	1	0.75	0	7	41	0.75	0.25	b.png	x.png	1022081.83	1022081.82	0.32	-0.01
1	0.75	0	7	41	0.75	0.25	b.png	x.png	1022081.83	1022081.82	0.32	-0.01AA03S1	1	5	13	2	0.25	0	7	41	0.25	0.75	x.png	b.png	1022086.66	1022086.64	0.49	-0.02
2	0.25	0	7	41	0.25	0.75	x.png	b.png	1022086.66	1022086.64	0.49	-0.02AA03S1	1	5	14	2	0.25	0	7	41	0.75	0.25	b.png	x.png	1022088.94	1022088.92	0.29	-0.01
2	0.25	0	7	41	0.75	0.25	b.png	x.png	1022088.94	1022088.92	0.29	-0.01AA03S1	1	5	15	1	0.75	1	8	41	0.75	0.25	b.png	x.png	1022092.22	1022092.20	0.30	-0.01
1	0.75	1	8	41	0.75	0.25	b.png	x.png	1022092.22	1022092.20	0.30	-0.01AA03S1	1	5	16	1	0.75	1	9	41	0.25	0.75	x.png	b.png	1022096.01	1022095.99	0.28	-0.02
1	0.75	1	9	41	0.25	0.75	x.png	b.png	1022096.01	1022095.99	0.28	-0.02AA03S1	1	5	17	2	0.25	0	9	41	0.75	0.25	b.png	x.png	1022100.30	1022099.96	0.33	-0.35
2	0.25	0	9	41	0.75	0.25	b.png	x.png	1022100.30	1022099.96	0.33	-0.35AA03S1	1	5	18	1	0.75	1	10	41	0.75	0.25	b.png	x.png	1022103.01	1022103.00	0.29	-0.01
1	0.75	1	10	41	0.75	0.25	b.png	x.png	1022103.01	1022103.00	0.29	-0.01AA03S1	1	5	19	1	0.75	0	10	41	0.25	0.75	x.png	b.png	1022106.62	1022106.61	0.35	-0.01
1	0.75	0	10	41	0.25	0.75	x.png	b.png	1022106.62	1022106.61	0.35	-0.01AA03S1	1	5	20	2	0.25	0	10	41	0.25	0.75	x.png	b.png	1022108.86	1022108.84	0.28	-0.02
2	0.25	0	10	41	0.25	0.75	x.png	b.png	1022108.86	1022108.84	0.28	-0.02AA03S1	1	6	1	2	0.25	0	0	51	0.75	0.25	w.png	y.png	1022116.59	1022116.22	0.46	-0.38
2	0.25	0	0	51	0.75	0.25	w.png	y.png	1022116.59	1022116.22	0.46	-0.38AA03S1	1	6	2	1	0.75	1	1	51	0.75	0.25	w.png	y.png	1022119.00	1022118.98	0.38	-0.01
1	0.75	1	1	51	0.75	0.25	w.png	y.png	1022119.00	1022118.98	0.38	-0.01AA03S1	1	6	3	2	0.25	0	1	51	0.25	0.75	y.png	w.png	1022122.51	1022122.49	0.36	-0.02
2	0.25	0	1	51	0.25	0.75	y.png	w.png	1022122.51	1022122.49	0.36	-0.02AA03S1	1	6	4	2	0.25	1	2	51	0.75	0.25	w.png	y.png	1022125.27	1022125.26	0.45	-0.01
2	0.25	1	2	51	0.75	0.25	w.png	y.png	1022125.27	1022125.26	0.45	-0.01AA03S1	1	6	5	2	0.25	0	2	51	0.25	0.75	y.png	w.png	1022129.50	1022129.49	0.45	-0.02
2	0.25	0	2	51	0.25	0.75	y.png	w.png	1022129.50	1022129.49	0.45	-0.02AA03S1	1	6	6	1	0.75	0	2	51	0.25	0.75	y.png	w.png	1022133.00	1022131.81	0.30	-1.19
1	0.75	0	2	51	0.25	0.75	y.png	w.png	1022133.00	1022131.81	0.30	-1.19AA03S1	1	6	7	1	0.75	0	2	51	0.75	0.25	w.png	y.png	1022135.85	1022135.83	0.40	-0.02
1	0.75	0	2	51	0.75	0.25	w.png	y.png	1022135.85	1022135.83	0.40	-0.02AA03S1	1	6	8	2	0.25	0	2	51	0.75	0.25	w.png	y.png	1022138.25	1022138.24	0.37	-0.01
2	0.25	0	2	51	0.75	0.25	w.png	y.png	1022138.25	1022138.24	0.37	-0.01AA03S1	1	6	9	2	0.25	0	2	51	0.25	0.75	y.png	w.png	1022140.68	1022140.66	0.23	-0.02
2	0.25	0	2	51	0.25	0.75	y.png	w.png	1022140.68	1022140.66	0.23	-0.02AA03S1	1	6	10	1	0.75	1	3	51	0.25	0.75	y.png	w.png	1022142.87	1022142.86	0.21	-0.01
1	0.75	1	3	51	0.25	0.75	y.png	w.png	1022142.87	1022142.86	0.21	-0.01AA03S1	1	6	11	1	0.75	1	4	51	0.75	0.25	w.png	y.png	1022145.40	1022145.39	0.23	-0.01
1	0.75	1	4	51	0.75	0.25	w.png	y.png	1022145.40	1022145.39	0.23	-0.01AA03S1	1	6	12	2	0.25	0	4	51	0.25	0.75	y.png	w.png	1022147.93	1022147.93	0.29	-0.01
2	0.25	0	4	51	0.25	0.75	y.png	w.png	1022147.93	1022147.93	0.29	-0.01AA03S1	1	6	13	1	0.75	0	4	51	0.25	0.75	y.png	w.png	1022151.19	1022151.17	0.44	-0.01
1	0.75	0	4	51	0.25	0.75	y.png	w.png	1022151.19	1022151.17	0.44	-0.01AA03S1	1	6	14	1	0.75	1	5	51	0.75	0.25	w.png	y.png	1022153.37	1022153.36	0.43	-0.01
1	0.75	1	5	51	0.75	0.25	w.png	y.png	1022153.37	1022153.36	0.43	-0.01AA03S1	1	6	15	1	0.75	1	6	51	0.25	0.75	y.png	w.png	1022156.05	1022156.03	0.22	-0.02
1	0.75	1	6	51	0.25	0.75	y.png	w.png	1022156.05	1022156.03	0.22	-0.02AA03S1	1	6	16	1	0.75	1	7	51	0.25	0.75	y.png	w.png	1022158.75	1022158.74	0.24	-0.02
1	0.75	1	7	51	0.25	0.75	y.png	w.png	1022158.75	1022158.74	0.24	-0.02AA03S1	1	6	17	1	0.75	1	8	51	0.75	0.25	w.png	y.png	1022161.70	1022161.70	0.47	-0.01
1	0.75	1	8	51	0.75	0.25	w.png	y.png	1022161.70	1022161.70	0.47	-0.01AA03S1	1	6	18	1	0.75	1	9	51	0.75	0.25	w.png	y.png	1022164.39	1022164.38	0.22	-0.01
1	0.75	1	9	51	0.75	0.25	w.png	y.png	1022164.39	1022164.38	0.22	-0.01AA03S1	1	6	19	1	0.75	0	9	51	0.25	0.75	y.png	w.png	1022167.06	1022167.05	0.30	-0.01
1	0.75	0	9	51	0.25	0.75	y.png	w.png	1022167.06	1022167.05	0.30	-0.01AA03S1	1	6	20	1	0.75	1	10	51	0.25	0.75	y.png	w.png	1022169.72	1022169.70	0.25	-0.02
1	0.75	1	10	51	0.25	0.75	y.png	w.png	1022169.72	1022169.70	0.25	-0.02