AA03S2	2	1	1	1	0.25	0	0	0	0.75	0.25	w.png	b.png	1022221.85	1022221.85	0.28	-0.01
1	0.25	0	0	0	0.75	0.25	w.png	b.png	1022221.85	1022221.85	0.28	-0.01AA03S2	2	1	2	2	0.75	0	0	0	0.75	0.25	w.png	b.png	1022224.26	1022224.25	0.42	-0.01
2	0.75	0	0	0	0.75	0.25	w.png	b.png	1022224.26	1022224.25	0.42	-0.01AA03S2	2	1	3	1	0.25	0	0	0	0.25	0.75	b.png	w.png	1022226.73	1022226.72	0.43	-0.01
1	0.25	0	0	0	0.25	0.75	b.png	w.png	1022226.73	1022226.72	0.43	-0.01AA03S2	2	1	4	1	0.25	0	0	0	0.75	0.25	w.png	b.png	1022230.56	1022230.55	0.44	-0.01
1	0.25	0	0	0	0.75	0.25	w.png	b.png	1022230.56	1022230.55	0.44	-0.01AA03S2	2	1	5	1	0.25	1	1	0	0.25	0.75	b.png	w.png	1022232.57	1022232.56	0.21	-0.01
1	0.25	1	1	0	0.25	0.75	b.png	w.png	1022232.57	1022232.56	0.21	-0.01AA03S2	2	1	6	2	0.75	1	2	0	0.25	0.75	b.png	w.png	1022235.54	1022235.53	0.42	-0.01
2	0.75	1	2	0	0.25	0.75	b.png	w.png	1022235.54	1022235.53	0.42	-0.01AA03S2	2	1	7	2	0.75	1	3	0	0.25	0.75	b.png	w.png	1022238.37	1022238.36	0.45	-0.01
2	0.75	1	3	0	0.25	0.75	b.png	w.png	1022238.37	1022238.36	0.45	-0.01AA03S2	2	1	8	2	0.75	0	3	0	0.75	0.25	w.png	b.png	1022241.28	1022241.26	0.23	-0.01
2	0.75	0	3	0	0.75	0.25	w.png	b.png	1022241.28	1022241.26	0.23	-0.01AA03S2	2	1	9	2	0.75	0	3	0	0.75	0.25	w.png	b.png	1022244.50	1022244.49	0.26	-0.01
2	0.75	0	3	0	0.75	0.25	w.png	b.png	1022244.50	1022244.49	0.26	-0.01AA03S2	2	1	10	1	0.25	0	3	0	0.25	0.75	b.png	w.png	1022247.78	1022247.77	0.29	-0.01
1	0.25	0	3	0	0.25	0.75	b.png	w.png	1022247.78	1022247.77	0.29	-0.01AA03S2	2	1	11	2	0.75	1	4	0	0.75	0.25	w.png	b.png	1022250.47	1022250.46	0.49	-0.02
2	0.75	1	4	0	0.75	0.25	w.png	b.png	1022250.47	1022250.46	0.49	-0.02AA03S2	2	1	12	2	0.75	1	5	0	0.25	0.75	b.png	w.png	1022253.39	1022253.38	0.44	-0.01
2	0.75	1	5	0	0.25	0.75	b.png	w.png	1022253.39	1022253.38	0.44	-0.01AA03S2	2	1	13	2	0.75	1	6	0	0.75	0.25	w.png	b.png	1022256.76	1022256.75	0.37	-0.01
2	0.75	1	6	0	0.75	0.25	w.png	b.png	1022256.76	1022256.75	0.37	-0.01AA03S2	2	1	14	2	0.75	1	7	0	0.25	0.75	b.png	w.png	1022260.26	1022260.24	0.47	-0.02
2	0.75	1	7	0	0.25	0.75	b.png	w.png	1022260.26	1022260.24	0.47	-0.02AA03S2	2	1	15	1	0.25	0	7	0	0.75	0.25	w.png	b.png	1022263.59	1022263.59	0.44	-0.01
1	0.25	0	7	0	0.75	0.25	w.png	b.png	1022263.59	1022263.59	0.44	-0.01AA03S2	2	1	16	2	0.75	1	8	0	0.25	0.75	b.png	w.png	1022266.64	1022266.64	0.26	-0.01
2	0.75	1	8	0	0.25	0.75	b.png	w.png	1022266.64	1022266.64	0.26	-0.01AA03S2	2	1	17	2	0.75	0	8	0	0.75	0.25	w.png	b.png	1022270.14	1022270.12	0.25	-0.01
2	0.75	0	8	0	0.75	0.25	w.png	b.png	1022270.14	1022270.12	0.25	-0.01AA03S2	2	1	18	2	0.75	1	9	0	0.75	0.25	w.png	b.png	1022272.50	1022272.48	0.33	-0.01
2	0.75	1	9	0	0.75	0.25	w.png	b.png	1022272.50	1022272.48	0.33	-0.01AA03S2	2	1	19	2	0.75	1	10	0	0.75	0.25	w.png	b.png	1022275.35	1022275.34	0.34	-0.01
2	0.75	1	10	0	0.75	0.25	w.png	b.png	1022275.35	1022275.34	0.34	-0.01AA03S2	2	1	20	2	0.75	1	11	0	0.75	0.25	w.png	b.png	1022278.39	1022278.38	0.25	-0.01
2	0.75	1	11	0	0.75	0.25	w.png	b.png	1022278.39	1022278.38	0.25	-0.01AA03S2	2	2	1	2	0.75	0	0	11	0.25	0.75	j.png	l.png	1022286.75	1022286.74	0.22	-0.01
2	0.75	0	0	11	0.25	0.75	j.png	l.png	1022286.75	1022286.74	0.22	-0.01AA03S2	2	2	2	2	0.75	1	1	11	0.75	0.25	l.png	j.png	1022289.34	1022289.33	0.45	-0.01
2	0.75	1	1	11	0.75	0.25	l.png	j.png	1022289.34	1022289.33	0.45	-0.01AA03S2	2	2	3	2	0.75	1	2	11	0.75	0.25	l.png	j.png	1022292.22	1022292.21	0.39	-0.02
2	0.75	1	2	11	0.75	0.25	l.png	j.png	1022292.22	1022292.21	0.39	-0.02AA03S2	2	2	4	2	0.75	0	2	11	0.25	0.75	j.png	l.png	1022296.24	1022296.23	0.40	-0.02
2	0.75	0	2	11	0.25	0.75	j.png	l.png	1022296.24	1022296.23	0.40	-0.02AA03S2	2	2	5	2	0.75	1	3	11	0.75	0.25	l.png	j.png	1022299.26	1022299.24	0.20	-0.01
2	0.75	1	3	11	0.75	0.25	l.png	j.png	1022299.26	1022299.24	0.20	-0.01AA03S2	2	2	6	2	0.75	1	4	11	0.75	0.25	l.png	j.png	1022302.38	1022302.36	0.30	-0.02
2	0.75	1	4	11	0.75	0.25	l.png	j.png	1022302.38	1022302.36	0.30	-0.02AA03S2	2	2	7	2	0.75	1	5	11	0.75	0.25	l.png	j.png	1022306.04	1022306.03	0.36	-0.02
2	0.75	1	5	11	0.75	0.25	l.png	j.png	1022306.04	1022306.03	0.36	-0.02AA03S2	2	2	8	2	0.75	0	5	11	0.25	0.75	j.png	l.png	1022309.70	1022309.70	0.26	-0.01
2	0.75	0	5	11	0.25	0.75	j.png	l.png	1022309.70	1022309.70	0.26	-0.01AA03S2	2	2	9	2	0.75	1	6	11	0.25	0.75	j.png	l.png	1022312.62	1022312.60	0.26	-0.02
2	0.75	1	6	11	0.25	0.75	j.png	l.png	1022312.62	1022312.60	0.26	-0.02AA03S2	2	2	10	2	0.75	1	7	11	0.25	0.75	j.png	l.png	1022315.99	1022315.98	0.49	-0.01
2	0.75	1	7	11	0.25	0.75	j.png	l.png	1022315.99	1022315.98	0.49	-0.01AA03S2	2	2	11	2	0.75	1	8	11	0.25	0.75	j.png	l.png	1022319.99	1022319.97	0.27	-0.02
2	0.75	1	8	11	0.25	0.75	j.png	l.png	1022319.99	1022319.97	0.27	-0.02AA03S2	2	2	12	2	0.75	1	9	11	0.25	0.75	j.png	l.png	1022323.68	1022323.67	0.45	-0.01
2	0.75	1	9	11	0.25	0.75	j.png	l.png	1022323.68	1022323.67	0.45	-0.01AA03S2	2	2	13	2	0.75	1	10	11	0.25	0.75	j.png	l.png	1022326.39	1022326.38	0.35	-0.01
2	0.75	1	10	11	0.25	0.75	j.png	l.png	1022326.39	1022326.38	0.35	-0.01AA03S2	2	2	14	2	0.75	1	11	11	0.25	0.75	j.png	l.png	1022329.43	1022329.41	0.43	-0.01
2	0.75	1	11	11	0.25	0.75	j.png	l.png	1022329.43	1022329.41	0.43	-0.01AA03S2	2	2	15	1	0.25	1	12	11	0.75	0.25	l.png	j.png	1022332.06	1022332.05	0.33	-0.01
1	0.25	1	12	11	0.75	0.25	l.png	j.png	1022332.06	1022332.05	0.33	-0.01AA03S2	2	2	16	2	0.75	1	13	11	0.75	0.25	l.png	j.png	1022335.15	1022335.14	0.47	-0.01
2	0.75	1	13	11	0.75	0.25	l.png	j.png	1022335.15	1022335.14	0.47	-0.01AA03S2	2	2	17	2	0.75	1	14	11	0.25	0.75	j.png	l.png	1022337.79	1022337.78	0.20	-0.01
2	0.75	1	14	11	0.25	0.75	j.png	l.png	1022337.79	1022337.78	0.20	-0.01AA03S2	2	2	18	2	0.75	0	14	11	0.75	0.25	l.png	j.png	1022340.50	1022340.49	0.40	-0.01
2	0.75	0	14	11	0.75	0.25	l.png	j.png	1022340.50	1022340.49	0.40	-0.01AA03S2	2	2	19	2	0.75	1	15	11	0.25	0.75	j.png	l.png	1022344.25	1022344.23	0.47	-0.02
2	0.75	1	15	11	0.25	0.75	j.png	l.png	1022344.25	1022344.23	0.47	-0.02AA03S2	2	2	20	2	0.75	0	15	11	0.75	0.25	l.png	j.png	1022347.91	1022347.90	0.27	-0.01
2	0.75	0	15	11	0.75	0.25	l.png	j.png	1022347.91	1022347.90	0.27	-0.01AA03S2	2	3	1	2	0.25	0	0	26	0.25	0.75	x.png	t.png	1022356.03	1022356.02	0.45	-0.01
2	0.25	0	0	26	0.25	0.75	x.png	t.png	1022356.03	1022356.02	0.45	-0.01AA03S2	2	3	2	1	0.75	1	1	26	0.75	0.25	t.png	x.png	1022359.46	1022359.03	0.37	-0.42
1	0.75	1	1	26	0.75	0.25	t.png	x.png	1022359.46	1022359.03	0.37	-0.42AA03S2	2	3	3	1	0.75	0	1	26	0.75	0.25	t.png	x.png	1022361.86	1022361.84	0.32	-0.02
1	0.75	0	1	26	0.75	0.25	t.png	x.png	1022361.86	1022361.84	0.32	-0.02AA03S2	2	3	4	1	0.75	0	1	26	0.75	0.25	t.png	x.png	1022364.58	1022364.57	0.23	-0.01
1	0.75	0	1	26	0.75	0.25	t.png	x.png	1022364.58	1022364.57	0.23	-0.01AA03S2	2	3	5	2	0.25	0	1	26	0.75	0.25	t.png	x.png	1022367.17	1022367.16	0.37	-0.01
2	0.25	0	1	26	0.75	0.25	t.png	x.png	1022367.17	1022367.16	0.37	-0.01AA03S2	2	3	6	2	0.25	0	1	26	0.25	0.75	x.png	t.png	1022369.94	1022369.93	0.28	-0.02
2	0.25	0	1	26	0.25	0.75	x.png	t.png	1022369.94	1022369.93	0.28	-0.02AA03S2	2	3	7	2	0.25	0	1	26	0.75	0.25	t.png	x.png	1022372.89	1022372.88	0.34	-0.01
2	0.25	0	1	26	0.75	0.25	t.png	x.png	1022372.89	1022372.88	0.34	-0.01AA03S2	2	3	8	2	0.25	1	2	26	0.25	0.75	x.png	t.png	1022374.92	1022374.91	0.28	-0.01
2	0.25	1	2	26	0.25	0.75	x.png	t.png	1022374.92	1022374.91	0.28	-0.01AA03S2	2	3	9	1	0.75	0	2	26	0.25	0.75	x.png	t.png	1022378.33	1022378.32	0.45	-0.01
1	0.75	0	2	26	0.25	0.75	x.png	t.png	1022378.33	1022378.32	0.45	-0.01AA03S2	2	3	10	1	0.75	1	3	26	0.25	0.75	x.png	t.png	1022381.74	1022381.73	0.30	-0.01
1	0.75	1	3	26	0.25	0.75	x.png	t.png	1022381.74	1022381.73	0.30	-0.01AA03S2	2	3	11	1	0.75	1	4	26	0.75	0.25	t.png	x.png	1022384.83	1022384.82	0.48	-0.01
1	0.75	1	4	26	0.75	0.25	t.png	x.png	1022384.83	1022384.82	0.48	-0.01AA03S2	2	3	12	1	0.75	1	5	26	0.25	0.75	x.png	t.png	1022388.23	1022388.22	0.40	-0.01
1	0.75	1	5	26	0.25	0.75	x.png	t.png	1022388.23	1022388.22	0.40	-0.01AA03S2	2	3	13	1	0.75	1	6	26	0.25	0.75	x.png	t.png	1022391.59	1022391.57	0.31	-0.02
1	0.75	1	6	26	0.25	0.75	x.png	t.png	1022391.59	1022391.57	0.31	-0.02AA03S2	2	3	14	1	0.75	0	6	26	0.25	0.75	x.png	t.png	1022395.30	1022395.29	0.22	-0.01
1	0.75	0	6	26	0.25	0.75	x.png	t.png	1022395.30	1022395.29	0.22	-0.01AA03S2	2	3	15	2	0.25	0	6	26	0.75	0.25	t.png	x.png	1022398.49	1022398.47	0.34	-0.02
2	0.25	0	6	26	0.75	0.25	t.png	x.png	1022398.49	1022398.47	0.34	-0.02AA03S2	2	3	16	1	0.75	1	7	26	0.25	0.75	x.png	t.png	1022402.12	1022400.93	0.33	-1.18
1	0.75	1	7	26	0.25	0.75	x.png	t.png	1022402.12	1022400.93	0.33	-1.18AA03S2	2	3	17	1	0.75	1	8	26	0.25	0.75	x.png	t.png	1022405.65	1022405.64	0.24	-0.01
1	0.75	1	8	26	0.25	0.75	x.png	t.png	1022405.65	1022405.64	0.24	-0.01AA03S2	2	3	18	1	0.75	0	8	26	0.75	0.25	t.png	x.png	1022409.38	1022409.37	0.32	-0.01
1	0.75	0	8	26	0.75	0.25	t.png	x.png	1022409.38	1022409.37	0.32	-0.01AA03S2	2	3	19	1	0.75	1	9	26	0.75	0.25	t.png	x.png	1022412.74	1022412.73	0.23	-0.01
1	0.75	1	9	26	0.75	0.25	t.png	x.png	1022412.74	1022412.73	0.23	-0.01AA03S2	2	3	20	2	0.25	0	9	26	0.25	0.75	x.png	t.png	1022417.81	1022416.09	0.39	-1.71
2	0.25	0	9	26	0.25	0.75	x.png	t.png	1022417.81	1022416.09	0.39	-1.71AA03S2	2	4	1	NaN	-1.00	-1	0	35	0.75	0.25	h.png	p.png	1022428.75	NaN	0.47	NaN
NaN	-1.00	-1	0	35	0.75	0.25	h.png	p.png	1022428.75	NaN	0.47	NaNAA03S2	2	4	2	2	0.75	0	0	35	0.25	0.75	p.png	h.png	1022431.74	1022431.72	0.37	-0.01
2	0.75	0	0	35	0.25	0.75	p.png	h.png	1022431.74	1022431.72	0.37	-0.01AA03S2	2	4	3	2	0.75	1	1	35	0.25	0.75	p.png	h.png	1022434.56	1022434.55	0.33	-0.01
2	0.75	1	1	35	0.25	0.75	p.png	h.png	1022434.56	1022434.55	0.33	-0.01AA03S2	2	4	4	2	0.75	1	2	35	0.75	0.25	h.png	p.png	1022437.34	1022437.32	0.33	-0.02
2	0.75	1	2	35	0.75	0.25	h.png	p.png	1022437.34	1022437.32	0.33	-0.02AA03S2	2	4	5	2	0.75	1	3	35	0.25	0.75	p.png	h.png	1022440.39	1022440.38	0.21	-0.01
2	0.75	1	3	35	0.25	0.75	p.png	h.png	1022440.39	1022440.38	0.21	-0.01AA03S2	2	4	6	2	0.75	1	4	35	0.25	0.75	p.png	h.png	1022443.31	1022443.30	0.40	-0.01
2	0.75	1	4	35	0.25	0.75	p.png	h.png	1022443.31	1022443.30	0.40	-0.01AA03S2	2	4	7	2	0.75	1	5	35	0.75	0.25	h.png	p.png	1022446.83	1022446.81	0.31	-0.02
2	0.75	1	5	35	0.75	0.25	h.png	p.png	1022446.83	1022446.81	0.31	-0.02AA03S2	2	4	8	1	0.25	1	6	35	0.75	0.25	h.png	p.png	1022451.19	1022451.17	0.47	-0.02
1	0.25	1	6	35	0.75	0.25	h.png	p.png	1022451.19	1022451.17	0.47	-0.02AA03S2	2	4	9	2	0.75	1	7	35	0.75	0.25	h.png	p.png	1022454.01	1022454.00	0.47	-0.01
2	0.75	1	7	35	0.75	0.25	h.png	p.png	1022454.01	1022454.00	0.47	-0.01AA03S2	2	4	10	2	0.75	0	7	35	0.75	0.25	h.png	p.png	1022456.97	1022456.96	0.47	-0.01
2	0.75	0	7	35	0.75	0.25	h.png	p.png	1022456.97	1022456.96	0.47	-0.01AA03S2	2	4	11	2	0.75	1	8	35	0.25	0.75	p.png	h.png	1022459.96	1022459.96	0.24	-0.01
2	0.75	1	8	35	0.25	0.75	p.png	h.png	1022459.96	1022459.96	0.24	-0.01AA03S2	2	4	12	2	0.75	1	9	35	0.75	0.25	h.png	p.png	1022462.51	1022462.49	0.27	-0.02
2	0.75	1	9	35	0.75	0.25	h.png	p.png	1022462.51	1022462.49	0.27	-0.02AA03S2	2	4	13	2	0.75	1	10	35	0.75	0.25	h.png	p.png	1022466.36	1022466.34	0.46	-0.02
2	0.75	1	10	35	0.75	0.25	h.png	p.png	1022466.36	1022466.34	0.46	-0.02AA03S2	2	4	14	2	0.75	0	10	35	0.25	0.75	p.png	h.png	1022469.77	1022469.76	0.32	-0.01
2	0.75	0	10	35	0.25	0.75	p.png	h.png	1022469.77	1022469.76	0.32	-0.01AA03S2	2	4	15	1	0.25	0	10	35	0.25	0.75	p.png	h.png	1022471.83	1022471.81	0.30	-0.02
1	0.25	0	10	35	0.25	0.75	p.png	h.png	1022471.83	1022471.81	0.30	-0.02AA03S2	2	4	16	2	0.75	0	10	35	0.25	0.75	p.png	h.png	1022474.59	1022474.58	0.25	-0.01
2	0.75	0	10	35	0.25	0.75	p.png	h.png	1022474.59	1022474.58	0.25	-0.01AA03S2	2	4	17	2	0.75	1	11	35	0.25	0.75	p.png	h.png	1022477.23	1022477.22	0.41	-0.01
2	0.75	1	11	35	0.25	0.75	p.png	h.png	1022477.23	1022477.22	0.41	-0.01AA03S2	2	4	18	2	0.75	1	12	35	0.25	0.75	p.png	h.png	1022480.23	1022480.22	0.36	-0.01
2	0.75	1	12	35	0.25	0.75	p.png	h.png	1022480.23	1022480.22	0.36	-0.01AA03S2	2	4	19	2	0.75	0	12	35	0.25	0.75	p.png	h.png	1022483.61	1022483.60	0.41	-0.01
2	0.75	0	12	35	0.25	0.75	p.png	h.png	1022483.61	1022483.60	0.41	-0.01AA03S2	2	4	20	1	0.25	1	13	35	0.75	0.25	h.png	p.png	1022486.61	1022486.59	0.26	-0.02
1	0.25	1	13	35	0.75	0.25	h.png	p.png	1022486.61	1022486.59	0.26	-0.02AA03S2	2	5	1	NaN	-1.00	-1	0	48	0.25	0.75	k.png	a.png	1022497.43	1022496.70	0.37	-0.73
NaN	-1.00	-1	0	48	0.25	0.75	k.png	a.png	1022497.43	1022496.70	0.37	-0.73AA03S2	2	5	2	2	0.75	1	1	48	0.75	0.25	a.png	k.png	1022500.28	1022500.26	0.46	-0.02
2	0.75	1	1	48	0.75	0.25	a.png	k.png	1022500.28	1022500.26	0.46	-0.02AA03S2	2	5	3	1	0.25	0	1	48	0.25	0.75	k.png	a.png	1022503.23	1022503.22	0.37	-0.01
1	0.25	0	1	48	0.25	0.75	k.png	a.png	1022503.23	1022503.22	0.37	-0.01AA03S2	2	5	4	2	0.75	1	2	48	0.25	0.75	k.png	a.png	1022506.27	1022506.26	0.26	-0.01
2	0.75	1	2	48	0.25	0.75	k.png	a.png	1022506.27	1022506.26	0.26	-0.01AA03S2	2	5	5	2	0.75	1	3	48	0.25	0.75	k.png	a.png	1022509.10	1022509.09	0.27	-0.01
2	0.75	1	3	48	0.25	0.75	k.png	a.png	1022509.10	1022509.09	0.27	-0.01AA03S2	2	5	6	2	0.75	1	4	48	0.25	0.75	k.png	a.png	1022512.05	1022512.04	0.40	-0.01
2	0.75	1	4	48	0.25	0.75	k.png	a.png	1022512.05	1022512.04	0.40	-0.01AA03S2	2	5	7	2	0.75	1	5	48	0.25	0.75	k.png	a.png	1022514.74	1022514.73	0.36	-0.01
2	0.75	1	5	48	0.25	0.75	k.png	a.png	1022514.74	1022514.73	0.36	-0.01AA03S2	2	5	8	2	0.75	0	5	48	0.25	0.75	k.png	a.png	1022517.69	1022517.69	0.20	-0.01
2	0.75	0	5	48	0.25	0.75	k.png	a.png	1022517.69	1022517.69	0.20	-0.01AA03S2	2	5	9	1	0.25	0	5	48	0.25	0.75	k.png	a.png	1022521.40	1022521.38	0.30	-0.01
1	0.25	0	5	48	0.25	0.75	k.png	a.png	1022521.40	1022521.38	0.30	-0.01AA03S2	2	5	10	2	0.75	1	6	48	0.25	0.75	k.png	a.png	1022524.29	1022524.28	0.21	-0.01
2	0.75	1	6	48	0.25	0.75	k.png	a.png	1022524.29	1022524.28	0.21	-0.01AA03S2	2	5	11	2	0.75	1	7	48	0.25	0.75	k.png	a.png	1022528.83	1022528.82	0.48	-0.01
2	0.75	1	7	48	0.25	0.75	k.png	a.png	1022528.83	1022528.82	0.48	-0.01AA03S2	2	5	12	2	0.75	0	7	48	0.75	0.25	a.png	k.png	1022533.55	1022533.54	0.21	-0.01
2	0.75	0	7	48	0.75	0.25	a.png	k.png	1022533.55	1022533.54	0.21	-0.01AA03S2	2	5	13	1	0.25	0	7	48	0.75	0.25	a.png	k.png	1022537.24	1022537.22	0.30	-0.01
1	0.25	0	7	48	0.75	0.25	a.png	k.png	1022537.24	1022537.22	0.30	-0.01AA03S2	2	5	14	2	0.75	1	8	48	0.75	0.25	a.png	k.png	1022539.80	1022539.78	0.33	-0.02
2	0.75	1	8	48	0.75	0.25	a.png	k.png	1022539.80	1022539.78	0.33	-0.02AA03S2	2	5	15	2	0.75	1	9	48	0.75	0.25	a.png	k.png	1022542.99	1022542.97	0.41	-0.01
2	0.75	1	9	48	0.75	0.25	a.png	k.png	1022542.99	1022542.97	0.41	-0.01AA03S2	2	5	16	2	0.75	1	10	48	0.25	0.75	k.png	a.png	1022546.09	1022546.08	0.33	-0.01
2	0.75	1	10	48	0.25	0.75	k.png	a.png	1022546.09	1022546.08	0.33	-0.01AA03S2	2	5	17	2	0.75	0	10	48	0.25	0.75	k.png	a.png	1022549.05	1022549.04	0.40	-0.01
2	0.75	0	10	48	0.25	0.75	k.png	a.png	1022549.05	1022549.04	0.40	-0.01AA03S2	2	5	18	1	0.25	1	11	48	0.25	0.75	k.png	a.png	1022552.14	1022552.12	0.46	-0.01
1	0.25	1	11	48	0.25	0.75	k.png	a.png	1022552.14	1022552.12	0.46	-0.01AA03S2	2	5	19	2	0.75	1	12	48	0.25	0.75	k.png	a.png	1022557.27	1022556.39	0.45	-0.88
2	0.75	1	12	48	0.25	0.75	k.png	a.png	1022557.27	1022556.39	0.45	-0.88AA03S2	2	5	20	2	0.75	1	13	48	0.75	0.25	a.png	k.png	1022561.58	1022561.57	0.50	-0.01
2	0.75	1	13	48	0.75	0.25	a.png	k.png	1022561.58	1022561.57	0.50	-0.01AA03S2	2	6	1	1	0.75	1	1	61	0.25	0.75	y.png	c.png	1022570.14	1022570.13	0.31	-0.01
1	0.75	1	1	61	0.25	0.75	y.png	c.png	1022570.14	1022570.13	0.31	-0.01AA03S2	2	6	2	1	0.75	1	2	61	0.75	0.25	c.png	y.png	1022572.92	1022572.91	0.49	-0.01
1	0.75	1	2	61	0.75	0.25	c.png	y.png	1022572.92	1022572.91	0.49	-0.01AA03S2	2	6	3	1	0.75	1	3	61	0.25	0.75	y.png	c.png	1022576.06	1022576.05	0.36	-0.01
1	0.75	1	3	61	0.25	0.75	y.png	c.png	1022576.06	1022576.05	0.36	-0.01AA03S2	2	6	4	2	0.25	0	3	61	0.25	0.75	y.png	c.png	1022578.94	1022578.93	0.24	-0.01
2	0.25	0	3	61	0.25	0.75	y.png	c.png	1022578.94	1022578.93	0.24	-0.01AA03S2	2	6	5	1	0.75	0	3	61	0.75	0.25	c.png	y.png	1022581.25	1022581.24	0.37	-0.01
1	0.75	0	3	61	0.75	0.25	c.png	y.png	1022581.25	1022581.24	0.37	-0.01AA03S2	2	6	6	1	0.75	1	4	61	0.75	0.25	c.png	y.png	1022584.67	1022584.65	0.46	-0.01
1	0.75	1	4	61	0.75	0.25	c.png	y.png	1022584.67	1022584.65	0.46	-0.01AA03S2	2	6	7	1	0.75	1	5	61	0.25	0.75	y.png	c.png	1022587.86	1022587.85	0.26	-0.01
1	0.75	1	5	61	0.25	0.75	y.png	c.png	1022587.86	1022587.85	0.26	-0.01AA03S2	2	6	8	1	0.75	1	6	61	0.25	0.75	y.png	c.png	1022591.43	1022591.42	0.32	-0.01
1	0.75	1	6	61	0.25	0.75	y.png	c.png	1022591.43	1022591.42	0.32	-0.01AA03S2	2	6	9	1	0.75	1	7	61	0.25	0.75	y.png	c.png	1022595.87	1022594.76	0.40	-1.11
1	0.75	1	7	61	0.25	0.75	y.png	c.png	1022595.87	1022594.76	0.40	-1.11AA03S2	2	6	10	2	0.25	0	7	61	0.25	0.75	y.png	c.png	1022599.70	1022599.69	0.45	-0.01
2	0.25	0	7	61	0.25	0.75	y.png	c.png	1022599.70	1022599.69	0.45	-0.01AA03S2	2	6	11	1	0.75	1	8	61	0.25	0.75	y.png	c.png	1022602.33	1022602.32	0.48	-0.01
1	0.75	1	8	61	0.25	0.75	y.png	c.png	1022602.33	1022602.32	0.48	-0.01AA03S2	2	6	12	1	0.75	0	8	61	0.75	0.25	c.png	y.png	1022605.46	1022605.45	0.28	-0.01
1	0.75	0	8	61	0.75	0.25	c.png	y.png	1022605.46	1022605.45	0.28	-0.01AA03S2	2	6	13	1	0.75	1	9	61	0.75	0.25	c.png	y.png	1022609.26	1022609.25	0.33	-0.02
1	0.75	1	9	61	0.75	0.25	c.png	y.png	1022609.26	1022609.25	0.33	-0.02AA03S2	2	6	14	2	0.25	0	9	61	0.75	0.25	c.png	y.png	1022614.34	1022614.33	0.32	-0.01
2	0.25	0	9	61	0.75	0.25	c.png	y.png	1022614.34	1022614.33	0.32	-0.01AA03S2	2	6	15	1	0.75	1	10	61	0.25	0.75	y.png	c.png	1022616.95	1022616.94	0.41	-0.01
1	0.75	1	10	61	0.25	0.75	y.png	c.png	1022616.95	1022616.94	0.41	-0.01AA03S2	2	6	16	1	0.75	0	10	61	0.25	0.75	y.png	c.png	1022619.82	1022619.81	0.28	-0.02
1	0.75	0	10	61	0.25	0.75	y.png	c.png	1022619.82	1022619.81	0.28	-0.02AA03S2	2	6	17	2	0.25	0	10	61	0.25	0.75	y.png	c.png	1022623.84	1022623.82	0.26	-0.02
2	0.25	0	10	61	0.25	0.75	y.png	c.png	1022623.84	1022623.82	0.26	-0.02AA03S2	2	6	18	1	0.75	1	11	61	0.75	0.25	c.png	y.png	1022627.77	1022627.76	0.42	-0.01
1	0.75	1	11	61	0.75	0.25	c.png	y.png	1022627.77	1022627.76	0.42	-0.01AA03S2	2	6	19	1	0.75	0	11	61	0.25	0.75	y.png	c.png	1022630.72	1022630.70	0.21	-0.02
1	0.75	0	11	61	0.25	0.75	y.png	c.png	1022630.72	1022630.70	0.21	-0.02AA03S2	2	6	20	NaN	-1.00	-1	11	61	0.25	0.75	y.png	c.png	1022635.68	NaN	0.21	NaN
NaN	-1.00	-1	11	61	0.25	0.75	y.png	c.png	1022635.68	NaN	0.21	NaN