AA03S3	3	1	1	NaN	-1.00	-1	0	0	0.75	0.25	b.png	x.png	1022676.38	NaN	0.41	NaN
NaN	-1.00	-1	0	0	0.75	0.25	b.png	x.png	1022676.38	NaN	0.41	NaNAA03S3	3	1	2	1	0.75	0	0	0	0.75	0.25	b.png	x.png	1022679.36	1022679.35	0.32	-0.01
1	0.75	0	0	0	0.75	0.25	b.png	x.png	1022679.36	1022679.35	0.32	-0.01AA03S3	3	1	3	1	0.75	1	1	0	0.75	0.25	b.png	x.png	1022684.21	1022684.20	0.24	-0.01
1	0.75	1	1	0	0.75	0.25	b.png	x.png	1022684.21	1022684.20	0.24	-0.01AA03S3	3	1	4	1	0.75	1	2	0	0.25	0.75	x.png	b.png	1022686.97	1022686.96	0.23	-0.01
1	0.75	1	2	0	0.25	0.75	x.png	b.png	1022686.97	1022686.96	0.23	-0.01AA03S3	3	1	5	1	0.75	0	2	0	0.25	0.75	x.png	b.png	1022690.12	1022690.11	0.43	-0.01
1	0.75	0	2	0	0.25	0.75	x.png	b.png	1022690.12	1022690.11	0.43	-0.01AA03S3	3	1	6	1	0.75	1	3	0	0.25	0.75	x.png	b.png	1022692.70	1022692.69	0.33	-0.01
1	0.75	1	3	0	0.25	0.75	x.png	b.png	1022692.70	1022692.69	0.33	-0.01AA03S3	3	1	7	1	0.75	0	3	0	0.75	0.25	b.png	x.png	1022695.98	1022695.97	0.21	-0.01
1	0.75	0	3	0	0.75	0.25	b.png	x.png	1022695.98	1022695.97	0.21	-0.01AA03S3	3	1	8	1	0.75	0	3	0	0.25	0.75	x.png	b.png	1022699.28	1022699.27	0.23	-0.01
1	0.75	0	3	0	0.25	0.75	x.png	b.png	1022699.28	1022699.27	0.23	-0.01AA03S3	3	1	9	2	0.25	0	3	0	0.25	0.75	x.png	b.png	1022701.77	1022701.76	0.40	-0.01
2	0.25	0	3	0	0.25	0.75	x.png	b.png	1022701.77	1022701.76	0.40	-0.01AA03S3	3	1	10	1	0.75	1	4	0	0.25	0.75	x.png	b.png	1022705.01	1022705.00	0.31	-0.01
1	0.75	1	4	0	0.25	0.75	x.png	b.png	1022705.01	1022705.00	0.31	-0.01AA03S3	3	1	11	1	0.75	1	5	0	0.25	0.75	x.png	b.png	1022710.39	1022710.39	0.41	-0.01
1	0.75	1	5	0	0.25	0.75	x.png	b.png	1022710.39	1022710.39	0.41	-0.01AA03S3	3	1	12	NaN	-1.00	-1	5	0	0.25	0.75	x.png	b.png	1022715.89	NaN	0.43	NaN
NaN	-1.00	-1	5	0	0.25	0.75	x.png	b.png	1022715.89	NaN	0.43	NaNAA03S3	3	1	13	1	0.75	0	5	0	0.25	0.75	x.png	b.png	1022719.31	1022719.30	0.23	-0.01
1	0.75	0	5	0	0.25	0.75	x.png	b.png	1022719.31	1022719.30	0.23	-0.01AA03S3	3	1	14	1	0.75	1	6	0	0.75	0.25	b.png	x.png	1022721.87	1022721.62	0.35	-0.25
1	0.75	1	6	0	0.75	0.25	b.png	x.png	1022721.87	1022721.62	0.35	-0.25AA03S3	3	1	15	1	0.75	1	7	0	0.75	0.25	b.png	x.png	1022725.93	1022725.92	0.48	-0.01
1	0.75	1	7	0	0.75	0.25	b.png	x.png	1022725.93	1022725.92	0.48	-0.01AA03S3	3	1	16	1	0.75	1	8	0	0.75	0.25	b.png	x.png	1022730.74	1022730.72	0.47	-0.01
1	0.75	1	8	0	0.75	0.25	b.png	x.png	1022730.74	1022730.72	0.47	-0.01AA03S3	3	1	17	1	0.75	1	9	0	0.25	0.75	x.png	b.png	1022734.09	1022734.08	0.26	-0.01
1	0.75	1	9	0	0.25	0.75	x.png	b.png	1022734.09	1022734.08	0.26	-0.01AA03S3	3	1	18	1	0.75	1	10	0	0.75	0.25	b.png	x.png	1022737.08	1022737.07	0.36	-0.01
1	0.75	1	10	0	0.75	0.25	b.png	x.png	1022737.08	1022737.07	0.36	-0.01AA03S3	3	1	19	1	0.75	1	11	0	0.25	0.75	x.png	b.png	1022740.12	1022740.11	0.39	-0.01
1	0.75	1	11	0	0.25	0.75	x.png	b.png	1022740.12	1022740.11	0.39	-0.01AA03S3	3	1	20	1	0.75	1	12	0	0.75	0.25	b.png	x.png	1022743.43	1022743.42	0.21	-0.01
1	0.75	1	12	0	0.75	0.25	b.png	x.png	1022743.43	1022743.42	0.21	-0.01AA03S3	3	2	1	1	0.75	1	1	12	0.25	0.75	w.png	k.png	1022758.50	1022758.49	0.20	-0.02
1	0.75	1	1	12	0.25	0.75	w.png	k.png	1022758.50	1022758.49	0.20	-0.02AA03S3	3	2	2	2	0.25	0	1	12	0.75	0.25	k.png	w.png	1022763.39	1022763.37	0.20	-0.02
2	0.25	0	1	12	0.75	0.25	k.png	w.png	1022763.39	1022763.37	0.20	-0.02AA03S3	3	2	3	1	0.75	1	2	12	0.25	0.75	w.png	k.png	1022766.93	1022766.92	0.23	-0.01
1	0.75	1	2	12	0.25	0.75	w.png	k.png	1022766.93	1022766.92	0.23	-0.01AA03S3	3	2	4	1	0.75	0	2	12	0.75	0.25	k.png	w.png	1022770.84	1022770.83	0.40	-0.01
1	0.75	0	2	12	0.75	0.25	k.png	w.png	1022770.84	1022770.83	0.40	-0.01AA03S3	3	2	5	NaN	-1.00	-1	2	12	0.75	0.25	k.png	w.png	1022775.91	NaN	0.31	NaN
NaN	-1.00	-1	2	12	0.75	0.25	k.png	w.png	1022775.91	NaN	0.31	NaNAA03S3	3	2	6	1	0.75	1	3	12	0.75	0.25	k.png	w.png	1022778.45	1022778.43	0.34	-0.02
1	0.75	1	3	12	0.75	0.25	k.png	w.png	1022778.45	1022778.43	0.34	-0.02AA03S3	3	2	7	1	0.75	1	4	12	0.25	0.75	w.png	k.png	1022781.40	1022781.38	0.45	-0.02
1	0.75	1	4	12	0.25	0.75	w.png	k.png	1022781.40	1022781.38	0.45	-0.02AA03S3	3	2	8	1	0.75	1	5	12	0.75	0.25	k.png	w.png	1022784.30	1022784.29	0.40	-0.01
1	0.75	1	5	12	0.75	0.25	k.png	w.png	1022784.30	1022784.29	0.40	-0.01AA03S3	3	2	9	2	0.25	1	6	12	0.75	0.25	k.png	w.png	1022788.89	1022786.98	0.37	-1.92
2	0.25	1	6	12	0.75	0.25	k.png	w.png	1022788.89	1022786.98	0.37	-1.92AA03S3	3	2	10	2	0.25	0	6	12	0.25	0.75	w.png	k.png	1022793.79	1022793.77	0.42	-0.01
2	0.25	0	6	12	0.25	0.75	w.png	k.png	1022793.79	1022793.77	0.42	-0.01AA03S3	3	2	11	1	0.75	1	7	12	0.75	0.25	k.png	w.png	1022795.87	1022795.86	0.23	-0.01
1	0.75	1	7	12	0.75	0.25	k.png	w.png	1022795.87	1022795.86	0.23	-0.01AA03S3	3	2	12	1	0.75	1	8	12	0.25	0.75	w.png	k.png	1022799.25	1022799.23	0.23	-0.02
1	0.75	1	8	12	0.25	0.75	w.png	k.png	1022799.25	1022799.23	0.23	-0.02AA03S3	3	2	13	1	0.75	1	9	12	0.75	0.25	k.png	w.png	1022802.96	1022802.95	0.37	-0.02
1	0.75	1	9	12	0.75	0.25	k.png	w.png	1022802.96	1022802.95	0.37	-0.02AA03S3	3	2	14	1	0.75	1	10	12	0.25	0.75	w.png	k.png	1022806.18	1022806.17	0.25	-0.01
1	0.75	1	10	12	0.25	0.75	w.png	k.png	1022806.18	1022806.17	0.25	-0.01AA03S3	3	2	15	1	0.75	1	11	12	0.75	0.25	k.png	w.png	1022810.61	1022810.59	0.23	-0.01
1	0.75	1	11	12	0.75	0.25	k.png	w.png	1022810.61	1022810.59	0.23	-0.01AA03S3	3	2	16	2	0.25	0	11	12	0.25	0.75	w.png	k.png	1022814.12	1022814.11	0.39	-0.01
2	0.25	0	11	12	0.25	0.75	w.png	k.png	1022814.12	1022814.11	0.39	-0.01AA03S3	3	2	17	1	0.75	0	11	12	0.75	0.25	k.png	w.png	1022816.53	1022816.52	0.23	-0.01
1	0.75	0	11	12	0.75	0.25	k.png	w.png	1022816.53	1022816.52	0.23	-0.01AA03S3	3	2	18	1	0.75	1	12	12	0.75	0.25	k.png	w.png	1022819.15	1022819.14	0.46	-0.02
1	0.75	1	12	12	0.75	0.25	k.png	w.png	1022819.15	1022819.14	0.46	-0.02AA03S3	3	2	19	1	0.75	0	12	12	0.75	0.25	k.png	w.png	1022822.05	1022822.04	0.24	-0.01
1	0.75	0	12	12	0.75	0.25	k.png	w.png	1022822.05	1022822.04	0.24	-0.01AA03S3	3	2	20	1	0.75	1	13	12	0.25	0.75	w.png	k.png	1022825.32	1022825.30	0.26	-0.01
1	0.75	1	13	12	0.25	0.75	w.png	k.png	1022825.32	1022825.30	0.26	-0.01AA03S3	3	3	1	2	0.25	1	1	25	0.25	0.75	u.png	t.png	1022836.27	1022835.91	0.30	-0.35
2	0.25	1	1	25	0.25	0.75	u.png	t.png	1022836.27	1022835.91	0.30	-0.35AA03S3	3	3	2	2	0.25	0	1	25	0.25	0.75	u.png	t.png	1022839.08	1022839.07	0.48	-0.01
2	0.25	0	1	25	0.25	0.75	u.png	t.png	1022839.08	1022839.07	0.48	-0.01AA03S3	3	3	3	1	0.75	0	1	25	0.75	0.25	t.png	u.png	1022842.56	1022842.55	0.49	-0.02
1	0.75	0	1	25	0.75	0.25	t.png	u.png	1022842.56	1022842.55	0.49	-0.02AA03S3	3	3	4	1	0.75	0	1	25	0.25	0.75	u.png	t.png	1022846.33	1022846.33	0.37	-0.01
1	0.75	0	1	25	0.25	0.75	u.png	t.png	1022846.33	1022846.33	0.37	-0.01AA03S3	3	3	5	1	0.75	0	1	25	0.75	0.25	t.png	u.png	1022849.24	1022849.23	0.48	-0.01
1	0.75	0	1	25	0.75	0.25	t.png	u.png	1022849.24	1022849.23	0.48	-0.01AA03S3	3	3	6	2	0.25	0	1	25	0.25	0.75	u.png	t.png	1022851.93	1022851.91	0.37	-0.01
2	0.25	0	1	25	0.25	0.75	u.png	t.png	1022851.93	1022851.91	0.37	-0.01AA03S3	3	3	7	1	0.75	0	1	25	0.75	0.25	t.png	u.png	1022855.50	1022855.49	0.35	-0.01
1	0.75	0	1	25	0.75	0.25	t.png	u.png	1022855.50	1022855.49	0.35	-0.01AA03S3	3	3	8	2	0.25	0	1	25	0.25	0.75	u.png	t.png	1022858.65	1022858.64	0.27	-0.01
2	0.25	0	1	25	0.25	0.75	u.png	t.png	1022858.65	1022858.64	0.27	-0.01AA03S3	3	3	9	1	0.75	1	2	25	0.75	0.25	t.png	u.png	1022860.97	1022860.96	0.39	-0.01
1	0.75	1	2	25	0.75	0.25	t.png	u.png	1022860.97	1022860.96	0.39	-0.01AA03S3	3	3	10	1	0.75	1	3	25	0.75	0.25	t.png	u.png	1022864.88	1022864.86	0.43	-0.01
1	0.75	1	3	25	0.75	0.25	t.png	u.png	1022864.88	1022864.86	0.43	-0.01AA03S3	3	3	11	1	0.75	1	4	25	0.25	0.75	u.png	t.png	1022867.85	1022867.83	0.21	-0.02
1	0.75	1	4	25	0.25	0.75	u.png	t.png	1022867.85	1022867.83	0.21	-0.02AA03S3	3	3	12	1	0.75	1	5	25	0.75	0.25	t.png	u.png	1022871.50	1022871.48	0.42	-0.02
1	0.75	1	5	25	0.75	0.25	t.png	u.png	1022871.50	1022871.48	0.42	-0.02AA03S3	3	3	13	1	0.75	0	5	25	0.25	0.75	u.png	t.png	1022874.90	1022874.89	0.25	-0.02
1	0.75	0	5	25	0.25	0.75	u.png	t.png	1022874.90	1022874.89	0.25	-0.02AA03S3	3	3	14	1	0.75	1	6	25	0.25	0.75	u.png	t.png	1022879.08	1022879.06	0.33	-0.01
1	0.75	1	6	25	0.25	0.75	u.png	t.png	1022879.08	1022879.06	0.33	-0.01AA03S3	3	3	15	1	0.75	1	7	25	0.25	0.75	u.png	t.png	1022884.08	1022884.07	0.31	-0.01
1	0.75	1	7	25	0.25	0.75	u.png	t.png	1022884.08	1022884.07	0.31	-0.01AA03S3	3	3	16	1	0.75	1	8	25	0.75	0.25	t.png	u.png	1022887.61	1022887.59	0.41	-0.02
1	0.75	1	8	25	0.75	0.25	t.png	u.png	1022887.61	1022887.59	0.41	-0.02AA03S3	3	3	17	1	0.75	1	9	25	0.25	0.75	u.png	t.png	1022891.43	1022890.67	0.27	-0.77
1	0.75	1	9	25	0.25	0.75	u.png	t.png	1022891.43	1022890.67	0.27	-0.77AA03S3	3	3	18	1	0.75	1	10	25	0.75	0.25	t.png	u.png	1022895.05	1022895.03	0.21	-0.01
1	0.75	1	10	25	0.75	0.25	t.png	u.png	1022895.05	1022895.03	0.21	-0.01AA03S3	3	3	19	1	0.75	1	11	25	0.25	0.75	u.png	t.png	1022899.18	1022897.83	0.37	-1.35
1	0.75	1	11	25	0.25	0.75	u.png	t.png	1022899.18	1022897.83	0.37	-1.35AA03S3	3	3	20	1	0.75	1	12	25	0.25	0.75	u.png	t.png	1022903.56	1022903.55	0.28	-0.02
1	0.75	1	12	25	0.25	0.75	u.png	t.png	1022903.56	1022903.55	0.28	-0.02AA03S3	3	4	1	1	0.25	0	0	37	0.25	0.75	g.png	n.png	1022913.63	1022913.61	0.41	-0.01
1	0.25	0	0	37	0.25	0.75	g.png	n.png	1022913.63	1022913.61	0.41	-0.01AA03S3	3	4	2	1	0.25	0	0	37	0.75	0.25	n.png	g.png	1022917.13	1022917.12	0.46	-0.01
1	0.25	0	0	37	0.75	0.25	n.png	g.png	1022917.13	1022917.12	0.46	-0.01AA03S3	3	4	3	1	0.25	0	0	37	0.75	0.25	n.png	g.png	1022919.74	1022919.73	0.26	-0.01
1	0.25	0	0	37	0.75	0.25	n.png	g.png	1022919.74	1022919.73	0.26	-0.01AA03S3	3	4	4	2	0.75	1	1	37	0.75	0.25	n.png	g.png	1022922.14	1022922.14	0.21	-0.01
2	0.75	1	1	37	0.75	0.25	n.png	g.png	1022922.14	1022922.14	0.21	-0.01AA03S3	3	4	5	2	0.75	0	1	37	0.75	0.25	n.png	g.png	1022925.32	1022925.31	0.29	-0.01
2	0.75	0	1	37	0.75	0.25	n.png	g.png	1022925.32	1022925.31	0.29	-0.01AA03S3	3	4	6	2	0.75	0	1	37	0.25	0.75	g.png	n.png	1022927.82	1022927.80	0.38	-0.02
2	0.75	0	1	37	0.25	0.75	g.png	n.png	1022927.82	1022927.80	0.38	-0.02AA03S3	3	4	7	2	0.75	1	2	37	0.25	0.75	g.png	n.png	1022930.33	1022930.32	0.29	-0.01
2	0.75	1	2	37	0.25	0.75	g.png	n.png	1022930.33	1022930.32	0.29	-0.01AA03S3	3	4	8	2	0.75	1	3	37	0.75	0.25	n.png	g.png	1022932.90	1022932.88	0.24	-0.02
2	0.75	1	3	37	0.75	0.25	n.png	g.png	1022932.90	1022932.88	0.24	-0.02AA03S3	3	4	9	2	0.75	0	3	37	0.75	0.25	n.png	g.png	1022935.71	1022935.70	0.49	-0.01
2	0.75	0	3	37	0.75	0.25	n.png	g.png	1022935.71	1022935.70	0.49	-0.01AA03S3	3	4	10	2	0.75	1	4	37	0.75	0.25	n.png	g.png	1022938.42	1022938.42	0.42	-0.01
2	0.75	1	4	37	0.75	0.25	n.png	g.png	1022938.42	1022938.42	0.42	-0.01AA03S3	3	4	11	2	0.75	1	5	37	0.75	0.25	n.png	g.png	1022941.21	1022941.20	0.22	-0.01
2	0.75	1	5	37	0.75	0.25	n.png	g.png	1022941.21	1022941.20	0.22	-0.01AA03S3	3	4	12	2	0.75	1	6	37	0.25	0.75	g.png	n.png	1022944.36	1022944.09	0.46	-0.27
2	0.75	1	6	37	0.25	0.75	g.png	n.png	1022944.36	1022944.09	0.46	-0.27AA03S3	3	4	13	2	0.75	1	7	37	0.25	0.75	g.png	n.png	1022948.20	1022948.19	0.25	-0.02
2	0.75	1	7	37	0.25	0.75	g.png	n.png	1022948.20	1022948.19	0.25	-0.02AA03S3	3	4	14	2	0.75	0	7	37	0.75	0.25	n.png	g.png	1022951.44	1022951.43	0.45	-0.01
2	0.75	0	7	37	0.75	0.25	n.png	g.png	1022951.44	1022951.43	0.45	-0.01AA03S3	3	4	15	2	0.75	1	8	37	0.75	0.25	n.png	g.png	1022955.19	1022955.18	0.21	-0.01
2	0.75	1	8	37	0.75	0.25	n.png	g.png	1022955.19	1022955.18	0.21	-0.01AA03S3	3	4	16	2	0.75	0	8	37	0.25	0.75	g.png	n.png	1022959.55	1022959.54	0.31	-0.01
2	0.75	0	8	37	0.25	0.75	g.png	n.png	1022959.55	1022959.54	0.31	-0.01AA03S3	3	4	17	2	0.75	0	8	37	0.75	0.25	n.png	g.png	1022962.81	1022962.80	0.21	-0.02
2	0.75	0	8	37	0.75	0.25	n.png	g.png	1022962.81	1022962.80	0.21	-0.02AA03S3	3	4	18	2	0.75	1	9	37	0.25	0.75	g.png	n.png	1022965.38	1022965.37	0.21	-0.01
2	0.75	1	9	37	0.25	0.75	g.png	n.png	1022965.38	1022965.37	0.21	-0.01AA03S3	3	4	19	NaN	-1.00	-1	9	37	0.75	0.25	n.png	g.png	1022970.97	NaN	0.41	NaN
NaN	-1.00	-1	9	37	0.75	0.25	n.png	g.png	1022970.97	NaN	0.41	NaNAA03S3	3	4	20	1	0.25	1	10	37	0.25	0.75	g.png	n.png	1022973.71	1022973.69	0.33	-0.01
1	0.25	1	10	37	0.25	0.75	g.png	n.png	1022973.71	1022973.69	0.33	-0.01AA03S3	3	5	1	1	0.25	0	0	47	0.75	0.25	v.png	o.png	1022982.27	1022982.27	0.27	-0.01
1	0.25	0	0	47	0.75	0.25	v.png	o.png	1022982.27	1022982.27	0.27	-0.01AA03S3	3	5	2	NaN	-1.00	-1	0	47	0.25	0.75	o.png	v.png	1022987.51	NaN	0.47	NaN
NaN	-1.00	-1	0	47	0.25	0.75	o.png	v.png	1022987.51	NaN	0.47	NaNAA03S3	3	5	3	2	0.75	1	1	47	0.25	0.75	o.png	v.png	1022990.30	1022990.29	0.34	-0.01
2	0.75	1	1	47	0.25	0.75	o.png	v.png	1022990.30	1022990.29	0.34	-0.01AA03S3	3	5	4	2	0.75	0	1	47	0.75	0.25	v.png	o.png	1022993.42	1022993.41	0.27	-0.01
2	0.75	0	1	47	0.75	0.25	v.png	o.png	1022993.42	1022993.41	0.27	-0.01AA03S3	3	5	5	2	0.75	1	2	47	0.75	0.25	v.png	o.png	1022997.35	1022997.34	0.31	-0.02
2	0.75	1	2	47	0.75	0.25	v.png	o.png	1022997.35	1022997.34	0.31	-0.02AA03S3	3	5	6	2	0.75	0	2	47	0.75	0.25	v.png	o.png	1023000.83	1023000.81	0.42	-0.02
2	0.75	0	2	47	0.75	0.25	v.png	o.png	1023000.83	1023000.81	0.42	-0.02AA03S3	3	5	7	2	0.75	1	3	47	0.25	0.75	o.png	v.png	1023003.49	1023003.48	0.44	-0.01
2	0.75	1	3	47	0.25	0.75	o.png	v.png	1023003.49	1023003.48	0.44	-0.01AA03S3	3	5	8	2	0.75	1	4	47	0.25	0.75	o.png	v.png	1023006.95	1023006.93	0.48	-0.02
2	0.75	1	4	47	0.25	0.75	o.png	v.png	1023006.95	1023006.93	0.48	-0.02AA03S3	3	5	9	2	0.75	1	5	47	0.25	0.75	o.png	v.png	1023010.74	1023010.74	0.33	-0.01
2	0.75	1	5	47	0.25	0.75	o.png	v.png	1023010.74	1023010.74	0.33	-0.01AA03S3	3	5	10	2	0.75	1	6	47	0.75	0.25	v.png	o.png	1023014.38	1023014.36	0.22	-0.01
2	0.75	1	6	47	0.75	0.25	v.png	o.png	1023014.38	1023014.36	0.22	-0.01AA03S3	3	5	11	2	0.75	1	7	47	0.25	0.75	o.png	v.png	1023017.80	1023017.78	0.40	-0.01
2	0.75	1	7	47	0.25	0.75	o.png	v.png	1023017.80	1023017.78	0.40	-0.01AA03S3	3	5	12	2	0.75	1	8	47	0.25	0.75	o.png	v.png	1023021.06	1023021.05	0.40	-0.02
2	0.75	1	8	47	0.25	0.75	o.png	v.png	1023021.06	1023021.05	0.40	-0.02AA03S3	3	5	13	2	0.75	1	9	47	0.25	0.75	o.png	v.png	1023024.17	1023024.16	0.28	-0.02
2	0.75	1	9	47	0.25	0.75	o.png	v.png	1023024.17	1023024.16	0.28	-0.02AA03S3	3	5	14	2	0.75	1	10	47	0.75	0.25	v.png	o.png	1023027.41	1023027.40	0.49	-0.01
2	0.75	1	10	47	0.75	0.25	v.png	o.png	1023027.41	1023027.40	0.49	-0.01AA03S3	3	5	15	2	0.75	1	11	47	0.25	0.75	o.png	v.png	1023030.61	1023030.59	0.39	-0.01
2	0.75	1	11	47	0.25	0.75	o.png	v.png	1023030.61	1023030.59	0.39	-0.01AA03S3	3	5	16	2	0.75	1	12	47	0.75	0.25	v.png	o.png	1023033.70	1023033.68	0.27	-0.01
2	0.75	1	12	47	0.75	0.25	v.png	o.png	1023033.70	1023033.68	0.27	-0.01AA03S3	3	5	17	2	0.75	0	12	47	0.75	0.25	v.png	o.png	1023036.45	1023036.43	0.37	-0.02
2	0.75	0	12	47	0.75	0.25	v.png	o.png	1023036.45	1023036.43	0.37	-0.02AA03S3	3	5	18	2	0.75	1	13	47	0.25	0.75	o.png	v.png	1023039.81	1023039.80	0.48	-0.02
2	0.75	1	13	47	0.25	0.75	o.png	v.png	1023039.81	1023039.80	0.48	-0.02AA03S3	3	5	19	2	0.75	1	14	47	0.25	0.75	o.png	v.png	1023042.87	1023042.87	0.26	-0.01
2	0.75	1	14	47	0.25	0.75	o.png	v.png	1023042.87	1023042.87	0.26	-0.01AA03S3	3	5	20	2	0.75	1	15	47	0.75	0.25	v.png	o.png	1023046.01	1023046.00	0.21	-0.01
2	0.75	1	15	47	0.75	0.25	v.png	o.png	1023046.01	1023046.00	0.21	-0.01AA03S3	3	6	1	1	0.75	1	1	62	0.75	0.25	h.png	c.png	1023053.79	1023053.78	0.42	-0.02
1	0.75	1	1	62	0.75	0.25	h.png	c.png	1023053.79	1023053.78	0.42	-0.02AA03S3	3	6	2	1	0.75	1	2	62	0.75	0.25	h.png	c.png	1023056.63	1023056.62	0.30	-0.01
1	0.75	1	2	62	0.75	0.25	h.png	c.png	1023056.63	1023056.62	0.30	-0.01AA03S3	3	6	3	1	0.75	1	3	62	0.75	0.25	h.png	c.png	1023059.78	1023059.76	0.42	-0.02
1	0.75	1	3	62	0.75	0.25	h.png	c.png	1023059.78	1023059.76	0.42	-0.02AA03S3	3	6	4	1	0.75	1	4	62	0.25	0.75	c.png	h.png	1023063.40	1023063.39	0.46	-0.01
1	0.75	1	4	62	0.25	0.75	c.png	h.png	1023063.40	1023063.39	0.46	-0.01AA03S3	3	6	5	1	0.75	1	5	62	0.25	0.75	c.png	h.png	1023066.58	1023066.56	0.23	-0.02
1	0.75	1	5	62	0.25	0.75	c.png	h.png	1023066.58	1023066.56	0.23	-0.02AA03S3	3	6	6	1	0.75	1	6	62	0.75	0.25	h.png	c.png	1023069.95	1023069.94	0.38	-0.01
1	0.75	1	6	62	0.75	0.25	h.png	c.png	1023069.95	1023069.94	0.38	-0.01AA03S3	3	6	7	1	0.75	1	7	62	0.25	0.75	c.png	h.png	1023073.29	1023073.27	0.48	-0.01
1	0.75	1	7	62	0.25	0.75	c.png	h.png	1023073.29	1023073.27	0.48	-0.01AA03S3	3	6	8	1	0.75	0	7	62	0.25	0.75	c.png	h.png	1023076.46	1023076.44	0.44	-0.01
1	0.75	0	7	62	0.25	0.75	c.png	h.png	1023076.46	1023076.44	0.44	-0.01AA03S3	3	6	9	1	0.75	1	8	62	0.25	0.75	c.png	h.png	1023079.48	1023079.47	0.43	-0.01
1	0.75	1	8	62	0.25	0.75	c.png	h.png	1023079.48	1023079.47	0.43	-0.01AA03S3	3	6	10	1	0.75	1	9	62	0.25	0.75	c.png	h.png	1023084.08	1023084.07	0.27	-0.01
1	0.75	1	9	62	0.25	0.75	c.png	h.png	1023084.08	1023084.07	0.27	-0.01AA03S3	3	6	11	1	0.75	1	10	62	0.25	0.75	c.png	h.png	1023088.17	1023088.16	0.26	-0.01
1	0.75	1	10	62	0.25	0.75	c.png	h.png	1023088.17	1023088.16	0.26	-0.01AA03S3	3	6	12	1	0.75	1	11	62	0.25	0.75	c.png	h.png	1023091.72	1023091.70	0.26	-0.02
1	0.75	1	11	62	0.25	0.75	c.png	h.png	1023091.72	1023091.70	0.26	-0.02AA03S3	3	6	13	1	0.75	1	12	62	0.25	0.75	c.png	h.png	1023095.18	1023095.17	0.42	-0.01
1	0.75	1	12	62	0.25	0.75	c.png	h.png	1023095.18	1023095.17	0.42	-0.01AA03S3	3	6	14	2	0.25	0	12	62	0.75	0.25	h.png	c.png	1023098.56	1023098.55	0.36	-0.01
2	0.25	0	12	62	0.75	0.25	h.png	c.png	1023098.56	1023098.55	0.36	-0.01AA03S3	3	6	15	1	0.75	0	12	62	0.75	0.25	h.png	c.png	1023101.63	1023101.62	0.24	-0.01
1	0.75	0	12	62	0.75	0.25	h.png	c.png	1023101.63	1023101.62	0.24	-0.01AA03S3	3	6	16	1	0.75	1	13	62	0.25	0.75	c.png	h.png	1023104.91	1023104.89	0.22	-0.02
1	0.75	1	13	62	0.25	0.75	c.png	h.png	1023104.91	1023104.89	0.22	-0.02AA03S3	3	6	17	1	0.75	0	13	62	0.75	0.25	h.png	c.png	1023108.97	1023108.96	0.28	-0.01
1	0.75	0	13	62	0.75	0.25	h.png	c.png	1023108.97	1023108.96	0.28	-0.01AA03S3	3	6	18	1	0.75	1	14	62	0.75	0.25	h.png	c.png	1023112.09	1023112.08	0.32	-0.01
1	0.75	1	14	62	0.75	0.25	h.png	c.png	1023112.09	1023112.08	0.32	-0.01AA03S3	3	6	19	1	0.75	0	14	62	0.25	0.75	c.png	h.png	1023115.21	1023115.20	0.40	-0.01
1	0.75	0	14	62	0.25	0.75	c.png	h.png	1023115.21	1023115.20	0.40	-0.01AA03S3	3	6	20	1	0.75	1	15	62	0.25	0.75	c.png	h.png	1023118.69	1023118.68	0.34	-0.01
1	0.75	1	15	62	0.25	0.75	c.png	h.png	1023118.69	1023118.68	0.34	-0.01