AA03S4	4	1	1	NaN	-1.00	-1	0	0	0.75	0.25	y.png	r.png	1023161.42	1023161.23	0.29	-0.20
NaN	-1.00	-1	0	0	0.75	0.25	y.png	r.png	1023161.42	1023161.23	0.29	-0.20AA03S4	4	1	2	2	0.25	0	0	0	0.75	0.25	y.png	r.png	1023164.63	1023164.62	0.49	-0.01
2	0.25	0	0	0	0.75	0.25	y.png	r.png	1023164.63	1023164.62	0.49	-0.01AA03S4	4	1	3	2	0.25	0	0	0	0.75	0.25	y.png	r.png	1023168.67	1023167.26	0.49	-1.41
2	0.25	0	0	0	0.75	0.25	y.png	r.png	1023168.67	1023167.26	0.49	-1.41AA03S4	4	1	4	1	0.75	0	0	0	0.25	0.75	r.png	y.png	1023172.44	1023172.43	0.38	-0.01
1	0.75	0	0	0	0.25	0.75	r.png	y.png	1023172.44	1023172.43	0.38	-0.01AA03S4	4	1	5	1	0.75	1	1	0	0.25	0.75	r.png	y.png	1023176.27	1023176.26	0.21	-0.01
1	0.75	1	1	0	0.25	0.75	r.png	y.png	1023176.27	1023176.26	0.21	-0.01AA03S4	4	1	6	1	0.75	1	2	0	0.25	0.75	r.png	y.png	1023179.38	1023179.37	0.23	-0.01
1	0.75	1	2	0	0.25	0.75	r.png	y.png	1023179.38	1023179.37	0.23	-0.01AA03S4	4	1	7	1	0.75	1	3	0	0.75	0.25	y.png	r.png	1023182.59	1023182.58	0.50	-0.01
1	0.75	1	3	0	0.75	0.25	y.png	r.png	1023182.59	1023182.58	0.50	-0.01AA03S4	4	1	8	1	0.75	1	4	0	0.75	0.25	y.png	r.png	1023185.80	1023185.79	0.47	-0.01
1	0.75	1	4	0	0.75	0.25	y.png	r.png	1023185.80	1023185.79	0.47	-0.01AA03S4	4	1	9	1	0.75	1	5	0	0.75	0.25	y.png	r.png	1023189.09	1023189.08	0.49	-0.01
1	0.75	1	5	0	0.75	0.25	y.png	r.png	1023189.09	1023189.08	0.49	-0.01AA03S4	4	1	10	1	0.75	1	6	0	0.25	0.75	r.png	y.png	1023192.47	1023192.46	0.22	-0.01
1	0.75	1	6	0	0.25	0.75	r.png	y.png	1023192.47	1023192.46	0.22	-0.01AA03S4	4	1	11	1	0.75	0	6	0	0.75	0.25	y.png	r.png	1023196.66	1023196.65	0.38	-0.01
1	0.75	0	6	0	0.75	0.25	y.png	r.png	1023196.66	1023196.65	0.38	-0.01AA03S4	4	1	12	1	0.75	1	7	0	0.75	0.25	y.png	r.png	1023200.73	1023200.72	0.22	-0.01
1	0.75	1	7	0	0.75	0.25	y.png	r.png	1023200.73	1023200.72	0.22	-0.01AA03S4	4	1	13	1	0.75	1	8	0	0.25	0.75	r.png	y.png	1023205.04	1023205.03	0.32	-0.02
1	0.75	1	8	0	0.25	0.75	r.png	y.png	1023205.04	1023205.03	0.32	-0.02AA03S4	4	1	14	1	0.75	1	9	0	0.75	0.25	y.png	r.png	1023208.45	1023208.44	0.46	-0.01
1	0.75	1	9	0	0.75	0.25	y.png	r.png	1023208.45	1023208.44	0.46	-0.01AA03S4	4	1	15	1	0.75	1	10	0	0.75	0.25	y.png	r.png	1023212.59	1023212.58	0.35	-0.01
1	0.75	1	10	0	0.75	0.25	y.png	r.png	1023212.59	1023212.58	0.35	-0.01AA03S4	4	1	16	1	0.75	1	11	0	0.75	0.25	y.png	r.png	1023217.79	1023217.78	0.29	-0.01
1	0.75	1	11	0	0.75	0.25	y.png	r.png	1023217.79	1023217.78	0.29	-0.01AA03S4	4	1	17	1	0.75	1	12	0	0.75	0.25	y.png	r.png	1023221.80	1023221.80	0.45	-0.01
1	0.75	1	12	0	0.75	0.25	y.png	r.png	1023221.80	1023221.80	0.45	-0.01AA03S4	4	1	18	1	0.75	0	12	0	0.75	0.25	y.png	r.png	1023226.35	1023226.34	0.30	-0.01
1	0.75	0	12	0	0.75	0.25	y.png	r.png	1023226.35	1023226.34	0.30	-0.01AA03S4	4	1	19	1	0.75	1	13	0	0.25	0.75	r.png	y.png	1023229.48	1023229.47	0.25	-0.01
1	0.75	1	13	0	0.25	0.75	r.png	y.png	1023229.48	1023229.47	0.25	-0.01AA03S4	4	1	20	1	0.75	0	13	0	0.75	0.25	y.png	r.png	1023233.72	1023232.62	0.44	-1.10
1	0.75	0	13	0	0.75	0.25	y.png	r.png	1023233.72	1023232.62	0.44	-1.10AA03S4	4	2	1	1	0.75	0	0	13	0.25	0.75	f.png	b.png	1023242.86	1023242.85	0.36	-0.01
1	0.75	0	0	13	0.25	0.75	f.png	b.png	1023242.86	1023242.85	0.36	-0.01AA03S4	4	2	2	1	0.75	0	0	13	0.25	0.75	f.png	b.png	1023245.83	1023245.82	0.24	-0.01
1	0.75	0	0	13	0.25	0.75	f.png	b.png	1023245.83	1023245.82	0.24	-0.01AA03S4	4	2	3	1	0.75	1	1	13	0.75	0.25	b.png	f.png	1023249.89	1023249.88	0.46	-0.01
1	0.75	1	1	13	0.75	0.25	b.png	f.png	1023249.89	1023249.88	0.46	-0.01AA03S4	4	2	4	1	0.75	1	2	13	0.75	0.25	b.png	f.png	1023252.76	1023252.74	0.38	-0.01
1	0.75	1	2	13	0.75	0.25	b.png	f.png	1023252.76	1023252.74	0.38	-0.01AA03S4	4	2	5	1	0.75	0	2	13	0.25	0.75	f.png	b.png	1023255.60	1023255.59	0.39	-0.01
1	0.75	0	2	13	0.25	0.75	f.png	b.png	1023255.60	1023255.59	0.39	-0.01AA03S4	4	2	6	1	0.75	1	3	13	0.25	0.75	f.png	b.png	1023258.46	1023258.45	0.26	-0.01
1	0.75	1	3	13	0.25	0.75	f.png	b.png	1023258.46	1023258.45	0.26	-0.01AA03S4	4	2	7	1	0.75	1	4	13	0.25	0.75	f.png	b.png	1023261.21	1023261.20	0.31	-0.01
1	0.75	1	4	13	0.25	0.75	f.png	b.png	1023261.21	1023261.20	0.31	-0.01AA03S4	4	2	8	1	0.75	1	5	13	0.75	0.25	b.png	f.png	1023263.88	1023263.87	0.25	-0.01
1	0.75	1	5	13	0.75	0.25	b.png	f.png	1023263.88	1023263.87	0.25	-0.01AA03S4	4	2	9	1	0.75	1	6	13	0.25	0.75	f.png	b.png	1023266.94	1023266.93	0.42	-0.01
1	0.75	1	6	13	0.25	0.75	f.png	b.png	1023266.94	1023266.93	0.42	-0.01AA03S4	4	2	10	1	0.75	1	7	13	0.75	0.25	b.png	f.png	1023269.99	1023269.97	0.21	-0.01
1	0.75	1	7	13	0.75	0.25	b.png	f.png	1023269.99	1023269.97	0.21	-0.01AA03S4	4	2	11	1	0.75	0	7	13	0.25	0.75	f.png	b.png	1023273.20	1023273.18	0.21	-0.02
1	0.75	0	7	13	0.25	0.75	f.png	b.png	1023273.20	1023273.18	0.21	-0.02AA03S4	4	2	12	1	0.75	0	7	13	0.25	0.75	f.png	b.png	1023275.85	1023275.84	0.30	-0.01
1	0.75	0	7	13	0.25	0.75	f.png	b.png	1023275.85	1023275.84	0.30	-0.01AA03S4	4	2	13	1	0.75	1	8	13	0.75	0.25	b.png	f.png	1023279.32	1023279.32	0.35	-0.01
1	0.75	1	8	13	0.75	0.25	b.png	f.png	1023279.32	1023279.32	0.35	-0.01AA03S4	4	2	14	1	0.75	0	8	13	0.25	0.75	f.png	b.png	1023282.83	1023282.81	0.48	-0.01
1	0.75	0	8	13	0.25	0.75	f.png	b.png	1023282.83	1023282.81	0.48	-0.01AA03S4	4	2	15	1	0.75	1	9	13	0.75	0.25	b.png	f.png	1023286.77	1023286.75	0.49	-0.02
1	0.75	1	9	13	0.75	0.25	b.png	f.png	1023286.77	1023286.75	0.49	-0.02AA03S4	4	2	16	1	0.75	1	10	13	0.25	0.75	f.png	b.png	1023290.13	1023290.12	0.48	-0.01
1	0.75	1	10	13	0.25	0.75	f.png	b.png	1023290.13	1023290.12	0.48	-0.01AA03S4	4	2	17	1	0.75	1	11	13	0.25	0.75	f.png	b.png	1023293.26	1023293.25	0.22	-0.01
1	0.75	1	11	13	0.25	0.75	f.png	b.png	1023293.26	1023293.25	0.22	-0.01AA03S4	4	2	18	1	0.75	1	12	13	0.25	0.75	f.png	b.png	1023297.67	1023297.65	0.21	-0.02
1	0.75	1	12	13	0.25	0.75	f.png	b.png	1023297.67	1023297.65	0.21	-0.02AA03S4	4	2	19	1	0.75	1	13	13	0.75	0.25	b.png	f.png	1023300.95	1023300.93	0.27	-0.02
1	0.75	1	13	13	0.75	0.25	b.png	f.png	1023300.95	1023300.93	0.27	-0.02AA03S4	4	2	20	1	0.75	0	13	13	0.25	0.75	f.png	b.png	1023304.75	1023304.74	0.43	-0.01
1	0.75	0	13	13	0.25	0.75	f.png	b.png	1023304.75	1023304.74	0.43	-0.01AA03S4	4	3	1	2	0.25	0	0	26	0.25	0.75	m.png	g.png	1023313.80	1023313.78	0.24	-0.02
2	0.25	0	0	26	0.25	0.75	m.png	g.png	1023313.80	1023313.78	0.24	-0.02AA03S4	4	3	2	2	0.25	0	0	26	0.75	0.25	g.png	m.png	1023316.39	1023316.37	0.33	-0.02
2	0.25	0	0	26	0.75	0.25	g.png	m.png	1023316.39	1023316.37	0.33	-0.02AA03S4	4	3	3	2	0.25	0	0	26	0.75	0.25	g.png	m.png	1023318.93	1023318.91	0.28	-0.02
2	0.25	0	0	26	0.75	0.25	g.png	m.png	1023318.93	1023318.91	0.28	-0.02AA03S4	4	3	4	1	0.75	1	1	26	0.25	0.75	m.png	g.png	1023321.47	1023321.46	0.32	-0.01
1	0.75	1	1	26	0.25	0.75	m.png	g.png	1023321.47	1023321.46	0.32	-0.01AA03S4	4	3	5	1	0.75	0	1	26	0.25	0.75	m.png	g.png	1023324.22	1023324.21	0.22	-0.01
1	0.75	0	1	26	0.25	0.75	m.png	g.png	1023324.22	1023324.21	0.22	-0.01AA03S4	4	3	6	2	0.25	1	2	26	0.75	0.25	g.png	m.png	1023327.75	1023327.74	0.48	-0.01
2	0.25	1	2	26	0.75	0.25	g.png	m.png	1023327.75	1023327.74	0.48	-0.01AA03S4	4	3	7	2	0.25	0	2	26	0.25	0.75	m.png	g.png	1023330.45	1023330.44	0.26	-0.01
2	0.25	0	2	26	0.25	0.75	m.png	g.png	1023330.45	1023330.44	0.26	-0.01AA03S4	4	3	8	2	0.25	1	3	26	0.25	0.75	m.png	g.png	1023332.86	1023332.85	0.30	-0.01
2	0.25	1	3	26	0.25	0.75	m.png	g.png	1023332.86	1023332.85	0.30	-0.01AA03S4	4	3	9	2	0.25	0	3	26	0.25	0.75	m.png	g.png	1023335.69	1023335.68	0.34	-0.01
2	0.25	0	3	26	0.25	0.75	m.png	g.png	1023335.69	1023335.68	0.34	-0.01AA03S4	4	3	10	1	0.75	1	4	26	0.75	0.25	g.png	m.png	1023338.43	1023338.42	0.42	-0.01
1	0.75	1	4	26	0.75	0.25	g.png	m.png	1023338.43	1023338.42	0.42	-0.01AA03S4	4	3	11	2	0.25	0	4	26	0.75	0.25	g.png	m.png	1023342.78	1023342.77	0.47	-0.01
2	0.25	0	4	26	0.75	0.25	g.png	m.png	1023342.78	1023342.77	0.47	-0.01AA03S4	4	3	12	1	0.75	0	4	26	0.25	0.75	m.png	g.png	1023347.47	1023345.63	0.38	-1.84
1	0.75	0	4	26	0.25	0.75	m.png	g.png	1023347.47	1023345.63	0.38	-1.84AA03S4	4	3	13	2	0.25	0	4	26	0.75	0.25	g.png	m.png	1023350.63	1023350.62	0.35	-0.01
2	0.25	0	4	26	0.75	0.25	g.png	m.png	1023350.63	1023350.62	0.35	-0.01AA03S4	4	3	14	1	0.75	1	5	26	0.75	0.25	g.png	m.png	1023352.73	1023352.72	0.35	-0.01
1	0.75	1	5	26	0.75	0.25	g.png	m.png	1023352.73	1023352.72	0.35	-0.01AA03S4	4	3	15	1	0.75	1	6	26	0.75	0.25	g.png	m.png	1023355.69	1023355.69	0.46	-0.01
1	0.75	1	6	26	0.75	0.25	g.png	m.png	1023355.69	1023355.69	0.46	-0.01AA03S4	4	3	16	1	0.75	1	7	26	0.25	0.75	m.png	g.png	1023358.56	1023358.55	0.39	-0.01
1	0.75	1	7	26	0.25	0.75	m.png	g.png	1023358.56	1023358.55	0.39	-0.01AA03S4	4	3	17	1	0.75	0	7	26	0.25	0.75	m.png	g.png	1023361.61	1023361.60	0.39	-0.01
1	0.75	0	7	26	0.25	0.75	m.png	g.png	1023361.61	1023361.60	0.39	-0.01AA03S4	4	3	18	1	0.75	1	8	26	0.75	0.25	g.png	m.png	1023364.28	1023364.27	0.28	-0.01
1	0.75	1	8	26	0.75	0.25	g.png	m.png	1023364.28	1023364.27	0.28	-0.01AA03S4	4	3	19	1	0.75	1	9	26	0.25	0.75	m.png	g.png	1023367.28	1023367.27	0.26	-0.01
1	0.75	1	9	26	0.25	0.75	m.png	g.png	1023367.28	1023367.27	0.26	-0.01AA03S4	4	3	20	1	0.75	1	10	26	0.25	0.75	m.png	g.png	1023370.55	1023369.93	0.39	-0.63
1	0.75	1	10	26	0.25	0.75	m.png	g.png	1023370.55	1023369.93	0.39	-0.63AA03S4	4	4	1	1	0.25	0	0	36	0.75	0.25	k.png	h.png	1023378.61	1023376.97	0.26	-1.64
1	0.25	0	0	36	0.75	0.25	k.png	h.png	1023378.61	1023376.97	0.26	-1.64AA03S4	4	4	2	2	0.75	1	1	36	0.75	0.25	k.png	h.png	1023382.82	1023381.99	0.21	-0.83
2	0.75	1	1	36	0.75	0.25	k.png	h.png	1023382.82	1023381.99	0.21	-0.83AA03S4	4	4	3	2	0.75	1	2	36	0.25	0.75	h.png	k.png	1023386.11	1023386.09	0.44	-0.01
2	0.75	1	2	36	0.25	0.75	h.png	k.png	1023386.11	1023386.09	0.44	-0.01AA03S4	4	4	4	2	0.75	1	3	36	0.25	0.75	h.png	k.png	1023389.00	1023388.98	0.39	-0.02
2	0.75	1	3	36	0.25	0.75	h.png	k.png	1023389.00	1023388.98	0.39	-0.02AA03S4	4	4	5	2	0.75	0	3	36	0.75	0.25	k.png	h.png	1023392.11	1023392.10	0.47	-0.01
2	0.75	0	3	36	0.75	0.25	k.png	h.png	1023392.11	1023392.10	0.47	-0.01AA03S4	4	4	6	2	0.75	1	4	36	0.25	0.75	h.png	k.png	1023395.45	1023395.44	0.47	-0.01
2	0.75	1	4	36	0.25	0.75	h.png	k.png	1023395.45	1023395.44	0.47	-0.01AA03S4	4	4	7	2	0.75	0	4	36	0.75	0.25	k.png	h.png	1023398.14	1023398.13	0.20	-0.01
2	0.75	0	4	36	0.75	0.25	k.png	h.png	1023398.14	1023398.13	0.20	-0.01AA03S4	4	4	8	2	0.75	1	5	36	0.75	0.25	k.png	h.png	1023400.58	1023400.57	0.49	-0.02
2	0.75	1	5	36	0.75	0.25	k.png	h.png	1023400.58	1023400.57	0.49	-0.02AA03S4	4	4	9	2	0.75	0	5	36	0.25	0.75	h.png	k.png	1023403.69	1023403.68	0.21	-0.01
2	0.75	0	5	36	0.25	0.75	h.png	k.png	1023403.69	1023403.68	0.21	-0.01AA03S4	4	4	10	2	0.75	1	6	36	0.75	0.25	k.png	h.png	1023406.73	1023406.72	0.35	-0.01
2	0.75	1	6	36	0.75	0.25	k.png	h.png	1023406.73	1023406.72	0.35	-0.01AA03S4	4	4	11	1	0.25	0	6	36	0.25	0.75	h.png	k.png	1023409.50	1023409.49	0.23	-0.02
1	0.25	0	6	36	0.25	0.75	h.png	k.png	1023409.50	1023409.49	0.23	-0.02AA03S4	4	4	12	2	0.75	0	6	36	0.75	0.25	k.png	h.png	1023412.99	1023412.98	0.34	-0.01
2	0.75	0	6	36	0.75	0.25	k.png	h.png	1023412.99	1023412.98	0.34	-0.01AA03S4	4	4	13	2	0.75	1	7	36	0.75	0.25	k.png	h.png	1023415.70	1023415.69	0.45	-0.02
2	0.75	1	7	36	0.75	0.25	k.png	h.png	1023415.70	1023415.69	0.45	-0.02AA03S4	4	4	14	2	0.75	1	8	36	0.75	0.25	k.png	h.png	1023419.26	1023419.25	0.27	-0.01
2	0.75	1	8	36	0.75	0.25	k.png	h.png	1023419.26	1023419.25	0.27	-0.01AA03S4	4	4	15	2	0.75	0	8	36	0.75	0.25	k.png	h.png	1023422.91	1023422.90	0.36	-0.01
2	0.75	0	8	36	0.75	0.25	k.png	h.png	1023422.91	1023422.90	0.36	-0.01AA03S4	4	4	16	2	0.75	0	8	36	0.25	0.75	h.png	k.png	1023425.71	1023425.70	0.49	-0.02
2	0.75	0	8	36	0.25	0.75	h.png	k.png	1023425.71	1023425.70	0.49	-0.02AA03S4	4	4	17	2	0.75	1	9	36	0.25	0.75	h.png	k.png	1023428.66	1023428.66	0.41	-0.01
2	0.75	1	9	36	0.25	0.75	h.png	k.png	1023428.66	1023428.66	0.41	-0.01AA03S4	4	4	18	2	0.75	0	9	36	0.25	0.75	h.png	k.png	1023431.72	1023431.71	0.29	-0.01
2	0.75	0	9	36	0.25	0.75	h.png	k.png	1023431.72	1023431.71	0.29	-0.01AA03S4	4	4	19	2	0.75	0	9	36	0.25	0.75	h.png	k.png	1023433.94	1023433.93	0.25	-0.01
2	0.75	0	9	36	0.25	0.75	h.png	k.png	1023433.94	1023433.93	0.25	-0.01AA03S4	4	4	20	2	0.75	1	10	36	0.75	0.25	k.png	h.png	1023437.61	1023437.59	0.22	-0.02
2	0.75	1	10	36	0.75	0.25	k.png	h.png	1023437.61	1023437.59	0.22	-0.02AA03S4	4	5	1	1	0.25	0	0	46	0.75	0.25	t.png	e.png	1023446.25	1023446.23	0.28	-0.02
1	0.25	0	0	46	0.75	0.25	t.png	e.png	1023446.25	1023446.23	0.28	-0.02AA03S4	4	5	2	1	0.25	1	1	46	0.25	0.75	e.png	t.png	1023449.15	1023449.13	0.26	-0.02
1	0.25	1	1	46	0.25	0.75	e.png	t.png	1023449.15	1023449.13	0.26	-0.02AA03S4	4	5	3	1	0.25	0	1	46	0.75	0.25	t.png	e.png	1023452.25	1023452.24	0.24	-0.01
1	0.25	0	1	46	0.75	0.25	t.png	e.png	1023452.25	1023452.24	0.24	-0.01AA03S4	4	5	4	2	0.75	1	2	46	0.25	0.75	e.png	t.png	1023455.33	1023455.32	0.32	-0.02
2	0.75	1	2	46	0.25	0.75	e.png	t.png	1023455.33	1023455.32	0.32	-0.02AA03S4	4	5	5	2	0.75	0	2	46	0.25	0.75	e.png	t.png	1023458.62	1023458.61	0.37	-0.02
2	0.75	0	2	46	0.25	0.75	e.png	t.png	1023458.62	1023458.61	0.37	-0.02AA03S4	4	5	6	1	0.25	0	2	46	0.75	0.25	t.png	e.png	1023461.04	1023461.02	0.44	-0.01
1	0.25	0	2	46	0.75	0.25	t.png	e.png	1023461.04	1023461.02	0.44	-0.01AA03S4	4	5	7	2	0.75	1	3	46	0.25	0.75	e.png	t.png	1023464.82	1023463.79	0.47	-1.03
2	0.75	1	3	46	0.25	0.75	e.png	t.png	1023464.82	1023463.79	0.47	-1.03AA03S4	4	5	8	2	0.75	1	4	46	0.25	0.75	e.png	t.png	1023468.52	1023468.51	0.38	-0.01
2	0.75	1	4	46	0.25	0.75	e.png	t.png	1023468.52	1023468.51	0.38	-0.01AA03S4	4	5	9	2	0.75	0	4	46	0.75	0.25	t.png	e.png	1023472.45	1023472.44	0.28	-0.01
2	0.75	0	4	46	0.75	0.25	t.png	e.png	1023472.45	1023472.44	0.28	-0.01AA03S4	4	5	10	2	0.75	1	5	46	0.25	0.75	e.png	t.png	1023475.90	1023475.88	0.31	-0.01
2	0.75	1	5	46	0.25	0.75	e.png	t.png	1023475.90	1023475.88	0.31	-0.01AA03S4	4	5	11	1	0.25	0	5	46	0.75	0.25	t.png	e.png	1023478.61	1023478.60	0.25	-0.01
1	0.25	0	5	46	0.75	0.25	t.png	e.png	1023478.61	1023478.60	0.25	-0.01AA03S4	4	5	12	2	0.75	1	6	46	0.25	0.75	e.png	t.png	1023481.05	1023481.04	0.20	-0.01
2	0.75	1	6	46	0.25	0.75	e.png	t.png	1023481.05	1023481.04	0.20	-0.01AA03S4	4	5	13	2	0.75	1	7	46	0.75	0.25	t.png	e.png	1023484.25	1023484.24	0.25	-0.01
2	0.75	1	7	46	0.75	0.25	t.png	e.png	1023484.25	1023484.24	0.25	-0.01AA03S4	4	5	14	2	0.75	1	8	46	0.25	0.75	e.png	t.png	1023487.47	1023487.46	0.41	-0.01
2	0.75	1	8	46	0.25	0.75	e.png	t.png	1023487.47	1023487.46	0.41	-0.01AA03S4	4	5	15	2	0.75	1	9	46	0.75	0.25	t.png	e.png	1023490.71	1023490.69	0.28	-0.02
2	0.75	1	9	46	0.75	0.25	t.png	e.png	1023490.71	1023490.69	0.28	-0.02AA03S4	4	5	16	1	0.25	0	9	46	0.75	0.25	t.png	e.png	1023493.51	1023493.49	0.39	-0.02
1	0.25	0	9	46	0.75	0.25	t.png	e.png	1023493.51	1023493.49	0.39	-0.02AA03S4	4	5	17	2	0.75	1	10	46	0.75	0.25	t.png	e.png	1023496.24	1023496.22	0.22	-0.02
2	0.75	1	10	46	0.75	0.25	t.png	e.png	1023496.24	1023496.22	0.22	-0.02AA03S4	4	5	18	1	0.25	0	10	46	0.75	0.25	t.png	e.png	1023500.26	1023500.24	0.42	-0.02
1	0.25	0	10	46	0.75	0.25	t.png	e.png	1023500.26	1023500.24	0.42	-0.02AA03S4	4	5	19	2	0.75	1	11	46	0.25	0.75	e.png	t.png	1023502.62	1023502.61	0.31	-0.01
2	0.75	1	11	46	0.25	0.75	e.png	t.png	1023502.62	1023502.61	0.31	-0.01AA03S4	4	5	20	2	0.75	1	12	46	0.25	0.75	e.png	t.png	1023505.53	1023505.52	0.47	-0.01
2	0.75	1	12	46	0.25	0.75	e.png	t.png	1023505.53	1023505.52	0.47	-0.01AA03S4	4	6	1	NaN	-1.00	-1	0	58	0.75	0.25	p.png	j.png	1023514.85	NaN	0.46	NaN
NaN	-1.00	-1	0	58	0.75	0.25	p.png	j.png	1023514.85	NaN	0.46	NaNAA03S4	4	6	2	2	0.75	1	1	58	0.75	0.25	p.png	j.png	1023517.50	1023517.49	0.23	-0.01
2	0.75	1	1	58	0.75	0.25	p.png	j.png	1023517.50	1023517.49	0.23	-0.01AA03S4	4	6	3	2	0.75	1	2	58	0.25	0.75	j.png	p.png	1023520.30	1023520.28	0.46	-0.01
2	0.75	1	2	58	0.25	0.75	j.png	p.png	1023520.30	1023520.28	0.46	-0.01AA03S4	4	6	4	2	0.75	1	3	58	0.25	0.75	j.png	p.png	1023522.88	1023522.87	0.30	-0.01
2	0.75	1	3	58	0.25	0.75	j.png	p.png	1023522.88	1023522.87	0.30	-0.01AA03S4	4	6	5	2	0.75	1	4	58	0.75	0.25	p.png	j.png	1023525.68	1023525.67	0.28	-0.01
2	0.75	1	4	58	0.75	0.25	p.png	j.png	1023525.68	1023525.67	0.28	-0.01AA03S4	4	6	6	2	0.75	0	4	58	0.75	0.25	p.png	j.png	1023529.20	1023529.19	0.37	-0.01
2	0.75	0	4	58	0.75	0.25	p.png	j.png	1023529.20	1023529.19	0.37	-0.01AA03S4	4	6	7	2	0.75	1	5	58	0.75	0.25	p.png	j.png	1023532.24	1023532.23	0.48	-0.01
2	0.75	1	5	58	0.75	0.25	p.png	j.png	1023532.24	1023532.23	0.48	-0.01AA03S4	4	6	8	2	0.75	1	6	58	0.75	0.25	p.png	j.png	1023535.11	1023535.10	0.40	-0.02
2	0.75	1	6	58	0.75	0.25	p.png	j.png	1023535.11	1023535.10	0.40	-0.02AA03S4	4	6	9	2	0.75	1	7	58	0.75	0.25	p.png	j.png	1023538.32	1023538.30	0.21	-0.02
2	0.75	1	7	58	0.75	0.25	p.png	j.png	1023538.32	1023538.30	0.21	-0.02AA03S4	4	6	10	2	0.75	1	8	58	0.25	0.75	j.png	p.png	1023541.57	1023541.56	0.22	-0.01
2	0.75	1	8	58	0.25	0.75	j.png	p.png	1023541.57	1023541.56	0.22	-0.01AA03S4	4	6	11	2	0.75	0	8	58	0.25	0.75	j.png	p.png	1023544.56	1023544.55	0.23	-0.01
2	0.75	0	8	58	0.25	0.75	j.png	p.png	1023544.56	1023544.55	0.23	-0.01AA03S4	4	6	12	2	0.75	1	9	58	0.75	0.25	p.png	j.png	1023548.77	1023548.77	0.46	-0.01
2	0.75	1	9	58	0.75	0.25	p.png	j.png	1023548.77	1023548.77	0.46	-0.01AA03S4	4	6	13	2	0.75	0	9	58	0.25	0.75	j.png	p.png	1023551.77	1023551.76	0.29	-0.01
2	0.75	0	9	58	0.25	0.75	j.png	p.png	1023551.77	1023551.76	0.29	-0.01AA03S4	4	6	14	2	0.75	1	10	58	0.25	0.75	j.png	p.png	1023555.66	1023554.81	0.46	-0.85
2	0.75	1	10	58	0.25	0.75	j.png	p.png	1023555.66	1023554.81	0.46	-0.85AA03S4	4	6	15	2	0.75	1	11	58	0.25	0.75	j.png	p.png	1023559.63	1023559.62	0.33	-0.02
2	0.75	1	11	58	0.25	0.75	j.png	p.png	1023559.63	1023559.62	0.33	-0.02AA03S4	4	6	16	2	0.75	1	12	58	0.25	0.75	j.png	p.png	1023563.85	1023563.85	0.36	-0.01
2	0.75	1	12	58	0.25	0.75	j.png	p.png	1023563.85	1023563.85	0.36	-0.01AA03S4	4	6	17	2	0.75	1	13	58	0.25	0.75	j.png	p.png	1023566.93	1023566.91	0.24	-0.01
2	0.75	1	13	58	0.25	0.75	j.png	p.png	1023566.93	1023566.91	0.24	-0.01AA03S4	4	6	18	2	0.75	0	13	58	0.25	0.75	j.png	p.png	1023570.40	1023570.39	0.44	-0.01
2	0.75	0	13	58	0.25	0.75	j.png	p.png	1023570.40	1023570.39	0.44	-0.01AA03S4	4	6	19	2	0.75	1	14	58	0.75	0.25	p.png	j.png	1023572.49	1023572.48	0.34	-0.01
2	0.75	1	14	58	0.75	0.25	p.png	j.png	1023572.49	1023572.48	0.34	-0.01AA03S4	4	6	20	2	0.75	1	15	58	0.75	0.25	p.png	j.png	1023576.11	1023576.10	0.24	-0.01
2	0.75	1	15	58	0.75	0.25	p.png	j.png	1023576.11	1023576.10	0.24	-0.01