HC02S1	1	1	1	1	0.25	0	0	0	0.25	0.75	v.png	p.png	602093.90	602093.89	0.26	-0.02
1	0.25	0	0	0	0.25	0.75	v.png	p.png	602093.90	602093.89	0.26	-0.02HC02S1	1	1	2	2	0.75	1	1	0	0.25	0.75	v.png	p.png	602096.51	602096.51	0.44	-0.01
2	0.75	1	1	0	0.25	0.75	v.png	p.png	602096.51	602096.51	0.44	-0.01HC02S1	1	1	3	1	0.25	1	2	0	0.25	0.75	v.png	p.png	602099.25	602099.23	0.49	-0.02
1	0.25	1	2	0	0.25	0.75	v.png	p.png	602099.25	602099.23	0.49	-0.02HC02S1	1	1	4	1	0.25	0	2	0	0.75	0.25	p.png	v.png	602101.78	602101.77	0.47	-0.01
1	0.25	0	2	0	0.75	0.25	p.png	v.png	602101.78	602101.77	0.47	-0.01HC02S1	1	1	5	2	0.75	1	3	0	0.25	0.75	v.png	p.png	602104.25	602104.24	0.50	-0.01
2	0.75	1	3	0	0.25	0.75	v.png	p.png	602104.25	602104.24	0.50	-0.01HC02S1	1	1	6	2	0.75	0	3	0	0.75	0.25	p.png	v.png	602107.01	602107.00	0.32	-0.01
2	0.75	0	3	0	0.75	0.25	p.png	v.png	602107.01	602107.00	0.32	-0.01HC02S1	1	1	7	1	0.25	0	3	0	0.25	0.75	v.png	p.png	602109.63	602109.62	0.31	-0.01
1	0.25	0	3	0	0.25	0.75	v.png	p.png	602109.63	602109.62	0.31	-0.01HC02S1	1	1	8	2	0.75	1	4	0	0.75	0.25	p.png	v.png	602112.45	602112.44	0.32	-0.02
2	0.75	1	4	0	0.75	0.25	p.png	v.png	602112.45	602112.44	0.32	-0.02HC02S1	1	1	9	1	0.25	1	5	0	0.25	0.75	v.png	p.png	602115.53	602115.52	0.28	-0.01
1	0.25	1	5	0	0.25	0.75	v.png	p.png	602115.53	602115.52	0.28	-0.01HC02S1	1	1	10	1	0.25	0	5	0	0.25	0.75	v.png	p.png	602118.50	602118.48	0.45	-0.01
1	0.25	0	5	0	0.25	0.75	v.png	p.png	602118.50	602118.48	0.45	-0.01HC02S1	1	1	11	2	0.75	1	6	0	0.75	0.25	p.png	v.png	602120.94	602120.93	0.42	-0.01
2	0.75	1	6	0	0.75	0.25	p.png	v.png	602120.94	602120.93	0.42	-0.01HC02S1	1	1	12	2	0.75	1	7	0	0.25	0.75	v.png	p.png	602123.55	602123.54	0.34	-0.01
2	0.75	1	7	0	0.25	0.75	v.png	p.png	602123.55	602123.54	0.34	-0.01HC02S1	1	1	13	2	0.75	1	8	0	0.75	0.25	p.png	v.png	602126.61	602126.61	0.29	-0.01
2	0.75	1	8	0	0.75	0.25	p.png	v.png	602126.61	602126.61	0.29	-0.01HC02S1	1	1	14	2	0.75	1	9	0	0.75	0.25	p.png	v.png	602129.18	602129.16	0.26	-0.01
2	0.75	1	9	0	0.75	0.25	p.png	v.png	602129.18	602129.16	0.26	-0.01HC02S1	1	1	15	1	0.25	0	9	0	0.75	0.25	p.png	v.png	602131.88	602131.86	0.36	-0.01
1	0.25	0	9	0	0.75	0.25	p.png	v.png	602131.88	602131.86	0.36	-0.01HC02S1	1	1	16	2	0.75	0	9	0	0.25	0.75	v.png	p.png	602134.84	602134.83	0.43	-0.01
2	0.75	0	9	0	0.25	0.75	v.png	p.png	602134.84	602134.83	0.43	-0.01HC02S1	1	1	17	1	0.25	0	9	0	0.75	0.25	p.png	v.png	602137.09	602137.08	0.31	-0.01
1	0.25	0	9	0	0.75	0.25	p.png	v.png	602137.09	602137.08	0.31	-0.01HC02S1	1	1	18	1	0.25	0	9	0	0.25	0.75	v.png	p.png	602139.44	602139.43	0.35	-0.01
1	0.25	0	9	0	0.25	0.75	v.png	p.png	602139.44	602139.43	0.35	-0.01HC02S1	1	1	19	1	0.25	1	10	0	0.25	0.75	v.png	p.png	602142.24	602142.23	0.41	-0.01
1	0.25	1	10	0	0.25	0.75	v.png	p.png	602142.24	602142.23	0.41	-0.01HC02S1	1	1	20	1	0.25	0	10	0	0.25	0.75	v.png	p.png	602145.16	602145.15	0.50	-0.01
1	0.25	0	10	0	0.25	0.75	v.png	p.png	602145.16	602145.15	0.50	-0.01HC02S1	1	2	1	2	0.25	0	0	10	0.25	0.75	Q.png	j.png	602161.23	602161.21	0.35	-0.01
2	0.25	0	0	10	0.25	0.75	Q.png	j.png	602161.23	602161.21	0.35	-0.01HC02S1	1	2	2	1	0.75	1	1	10	0.75	0.25	j.png	Q.png	602163.88	602163.86	0.39	-0.02
1	0.75	1	1	10	0.75	0.25	j.png	Q.png	602163.88	602163.86	0.39	-0.02HC02S1	1	2	3	1	0.75	0	1	10	0.75	0.25	j.png	Q.png	602166.57	602166.56	0.41	-0.02
1	0.75	0	1	10	0.75	0.25	j.png	Q.png	602166.57	602166.56	0.41	-0.02HC02S1	1	2	4	2	0.25	1	2	10	0.75	0.25	j.png	Q.png	602169.43	602169.42	0.41	-0.01
2	0.25	1	2	10	0.75	0.25	j.png	Q.png	602169.43	602169.42	0.41	-0.01HC02S1	1	2	5	1	0.75	1	3	10	0.75	0.25	j.png	Q.png	602172.48	602172.47	0.38	-0.02
1	0.75	1	3	10	0.75	0.25	j.png	Q.png	602172.48	602172.47	0.38	-0.02HC02S1	1	2	6	2	0.25	1	4	10	0.25	0.75	Q.png	j.png	602174.90	602174.89	0.35	-0.01
2	0.25	1	4	10	0.25	0.75	Q.png	j.png	602174.90	602174.89	0.35	-0.01HC02S1	1	2	7	2	0.25	0	4	10	0.75	0.25	j.png	Q.png	602178.03	602178.02	0.40	-0.01
2	0.25	0	4	10	0.75	0.25	j.png	Q.png	602178.03	602178.02	0.40	-0.01HC02S1	1	2	8	1	0.75	1	5	10	0.75	0.25	j.png	Q.png	602180.87	602180.85	0.36	-0.02
1	0.75	1	5	10	0.75	0.25	j.png	Q.png	602180.87	602180.85	0.36	-0.02HC02S1	1	2	9	1	0.75	1	6	10	0.25	0.75	Q.png	j.png	602184.12	602184.11	0.24	-0.01
1	0.75	1	6	10	0.25	0.75	Q.png	j.png	602184.12	602184.11	0.24	-0.01HC02S1	1	2	10	2	0.25	0	6	10	0.75	0.25	j.png	Q.png	602187.06	602187.05	0.22	-0.02
2	0.25	0	6	10	0.75	0.25	j.png	Q.png	602187.06	602187.05	0.22	-0.02HC02S1	1	2	11	1	0.75	1	7	10	0.75	0.25	j.png	Q.png	602189.57	602189.55	0.26	-0.01
1	0.75	1	7	10	0.75	0.25	j.png	Q.png	602189.57	602189.55	0.26	-0.01HC02S1	1	2	12	1	0.75	0	7	10	0.25	0.75	Q.png	j.png	602192.84	602192.83	0.33	-0.01
1	0.75	0	7	10	0.25	0.75	Q.png	j.png	602192.84	602192.83	0.33	-0.01HC02S1	1	2	13	2	0.25	0	7	10	0.25	0.75	Q.png	j.png	602195.96	602195.95	0.30	-0.01
2	0.25	0	7	10	0.25	0.75	Q.png	j.png	602195.96	602195.95	0.30	-0.01HC02S1	1	2	14	1	0.75	1	8	10	0.75	0.25	j.png	Q.png	602198.83	602198.82	0.49	-0.02
1	0.75	1	8	10	0.75	0.25	j.png	Q.png	602198.83	602198.82	0.49	-0.02HC02S1	1	2	15	2	0.25	0	8	10	0.75	0.25	j.png	Q.png	602201.84	602201.83	0.38	-0.02
2	0.25	0	8	10	0.75	0.25	j.png	Q.png	602201.84	602201.83	0.38	-0.02HC02S1	1	2	16	1	0.75	1	9	10	0.75	0.25	j.png	Q.png	602204.32	602204.31	0.23	-0.01
1	0.75	1	9	10	0.75	0.25	j.png	Q.png	602204.32	602204.31	0.23	-0.01HC02S1	1	2	17	1	0.75	1	10	10	0.25	0.75	Q.png	j.png	602207.32	602207.30	0.48	-0.02
1	0.75	1	10	10	0.25	0.75	Q.png	j.png	602207.32	602207.30	0.48	-0.02HC02S1	1	2	18	1	0.75	1	11	10	0.25	0.75	Q.png	j.png	602210.37	602210.36	0.25	-0.01
1	0.75	1	11	10	0.25	0.75	Q.png	j.png	602210.37	602210.36	0.25	-0.01HC02S1	1	2	19	2	0.25	1	12	10	0.25	0.75	Q.png	j.png	602213.16	602213.15	0.35	-0.01
2	0.25	1	12	10	0.25	0.75	Q.png	j.png	602213.16	602213.15	0.35	-0.01HC02S1	1	2	20	2	0.25	1	13	10	0.25	0.75	Q.png	j.png	602216.05	602216.04	0.44	-0.01
2	0.25	1	13	10	0.25	0.75	Q.png	j.png	602216.05	602216.04	0.44	-0.01HC02S1	1	3	1	2	0.25	0	0	23	0.25	0.75	t.png	e.png	602224.71	602224.70	0.37	-0.01
2	0.25	0	0	23	0.25	0.75	t.png	e.png	602224.71	602224.70	0.37	-0.01HC02S1	1	3	2	1	0.75	0	0	23	0.75	0.25	e.png	t.png	602227.49	602227.49	0.43	-0.01
1	0.75	0	0	23	0.75	0.25	e.png	t.png	602227.49	602227.49	0.43	-0.01HC02S1	1	3	3	2	0.25	0	0	23	0.25	0.75	t.png	e.png	602230.66	602230.65	0.38	-0.01
2	0.25	0	0	23	0.25	0.75	t.png	e.png	602230.66	602230.65	0.38	-0.01HC02S1	1	3	4	2	0.25	1	1	23	0.75	0.25	e.png	t.png	602233.57	602233.56	0.28	-0.01
2	0.25	1	1	23	0.75	0.25	e.png	t.png	602233.57	602233.56	0.28	-0.01HC02S1	1	3	5	1	0.75	1	2	23	0.25	0.75	t.png	e.png	602236.32	602236.31	0.30	-0.01
1	0.75	1	2	23	0.25	0.75	t.png	e.png	602236.32	602236.31	0.30	-0.01HC02S1	1	3	6	1	0.75	0	2	23	0.25	0.75	t.png	e.png	602238.84	602238.82	0.45	-0.02
1	0.75	0	2	23	0.25	0.75	t.png	e.png	602238.84	602238.82	0.45	-0.02HC02S1	1	3	7	2	0.25	0	2	23	0.75	0.25	e.png	t.png	602241.42	602241.41	0.39	-0.01
2	0.25	0	2	23	0.75	0.25	e.png	t.png	602241.42	602241.41	0.39	-0.01HC02S1	1	3	8	2	0.25	0	2	23	0.25	0.75	t.png	e.png	602244.26	602244.25	0.34	-0.02
2	0.25	0	2	23	0.25	0.75	t.png	e.png	602244.26	602244.25	0.34	-0.02HC02S1	1	3	9	1	0.75	1	3	23	0.75	0.25	e.png	t.png	602247.09	602247.08	0.48	-0.01
1	0.75	1	3	23	0.75	0.25	e.png	t.png	602247.09	602247.08	0.48	-0.01HC02S1	1	3	10	1	0.75	1	4	23	0.25	0.75	t.png	e.png	602250.33	602250.32	0.43	-0.01
1	0.75	1	4	23	0.25	0.75	t.png	e.png	602250.33	602250.32	0.43	-0.01HC02S1	1	3	11	2	0.25	1	5	23	0.75	0.25	e.png	t.png	602252.97	602252.96	0.29	-0.01
2	0.25	1	5	23	0.75	0.25	e.png	t.png	602252.97	602252.96	0.29	-0.01HC02S1	1	3	12	1	0.75	1	6	23	0.75	0.25	e.png	t.png	602255.83	602255.82	0.25	-0.01
1	0.75	1	6	23	0.75	0.25	e.png	t.png	602255.83	602255.82	0.25	-0.01HC02S1	1	3	13	2	0.25	0	6	23	0.75	0.25	e.png	t.png	602258.81	602258.80	0.39	-0.01
2	0.25	0	6	23	0.75	0.25	e.png	t.png	602258.81	602258.80	0.39	-0.01HC02S1	1	3	14	1	0.75	0	6	23	0.25	0.75	t.png	e.png	602261.36	602261.35	0.22	-0.01
1	0.75	0	6	23	0.25	0.75	t.png	e.png	602261.36	602261.35	0.22	-0.01HC02S1	1	3	15	2	0.25	0	6	23	0.25	0.75	t.png	e.png	602263.69	602263.67	0.26	-0.01
2	0.25	0	6	23	0.25	0.75	t.png	e.png	602263.69	602263.67	0.26	-0.01HC02S1	1	3	16	1	0.75	1	7	23	0.75	0.25	e.png	t.png	602266.07	602266.05	0.24	-0.02
1	0.75	1	7	23	0.75	0.25	e.png	t.png	602266.07	602266.05	0.24	-0.02HC02S1	1	3	17	2	0.25	1	8	23	0.75	0.25	e.png	t.png	602268.82	602268.64	0.20	-0.18
2	0.25	1	8	23	0.75	0.25	e.png	t.png	602268.82	602268.64	0.20	-0.18HC02S1	1	3	18	1	0.75	1	9	23	0.75	0.25	e.png	t.png	602272.50	602272.49	0.38	-0.01
1	0.75	1	9	23	0.75	0.25	e.png	t.png	602272.50	602272.49	0.38	-0.01HC02S1	1	3	19	2	0.25	0	9	23	0.75	0.25	e.png	t.png	602275.52	602275.51	0.26	-0.01
2	0.25	0	9	23	0.75	0.25	e.png	t.png	602275.52	602275.51	0.26	-0.01HC02S1	1	3	20	1	0.75	1	10	23	0.75	0.25	e.png	t.png	602278.09	602277.50	0.23	-0.59
1	0.75	1	10	23	0.75	0.25	e.png	t.png	602278.09	602277.50	0.23	-0.59HC02S1	1	4	1	2	0.25	1	1	33	0.25	0.75	l.png	d.png	602284.71	602284.69	0.22	-0.02
2	0.25	1	1	33	0.25	0.75	l.png	d.png	602284.71	602284.69	0.22	-0.02HC02S1	1	4	2	1	0.75	1	2	33	0.25	0.75	l.png	d.png	602287.68	602287.67	0.36	-0.01
1	0.75	1	2	33	0.25	0.75	l.png	d.png	602287.68	602287.67	0.36	-0.01HC02S1	1	4	3	2	0.25	0	2	33	0.25	0.75	l.png	d.png	602290.22	602290.21	0.48	-0.01
2	0.25	0	2	33	0.25	0.75	l.png	d.png	602290.22	602290.21	0.48	-0.01HC02S1	1	4	4	2	0.25	0	2	33	0.25	0.75	l.png	d.png	602293.53	602293.51	0.46	-0.01
2	0.25	0	2	33	0.25	0.75	l.png	d.png	602293.53	602293.51	0.46	-0.01HC02S1	1	4	5	1	0.75	1	3	33	0.25	0.75	l.png	d.png	602295.98	602295.97	0.35	-0.01
1	0.75	1	3	33	0.25	0.75	l.png	d.png	602295.98	602295.97	0.35	-0.01HC02S1	1	4	6	1	0.75	0	3	33	0.25	0.75	l.png	d.png	602299.00	602298.99	0.22	-0.01
1	0.75	0	3	33	0.25	0.75	l.png	d.png	602299.00	602298.99	0.22	-0.01HC02S1	1	4	7	2	0.25	1	4	33	0.25	0.75	l.png	d.png	602301.61	602301.60	0.38	-0.01
2	0.25	1	4	33	0.25	0.75	l.png	d.png	602301.61	602301.60	0.38	-0.01HC02S1	1	4	8	2	0.25	0	4	33	0.75	0.25	d.png	l.png	602304.42	602304.41	0.31	-0.01
2	0.25	0	4	33	0.75	0.25	d.png	l.png	602304.42	602304.41	0.31	-0.01HC02S1	1	4	9	1	0.75	1	5	33	0.75	0.25	d.png	l.png	602307.10	602306.87	0.47	-0.23
1	0.75	1	5	33	0.75	0.25	d.png	l.png	602307.10	602306.87	0.47	-0.23HC02S1	1	4	10	1	0.75	0	5	33	0.25	0.75	l.png	d.png	602310.19	602310.18	0.41	-0.01
1	0.75	0	5	33	0.25	0.75	l.png	d.png	602310.19	602310.18	0.41	-0.01HC02S1	1	4	11	1	0.75	0	5	33	0.75	0.25	d.png	l.png	602312.57	602312.55	0.25	-0.02
1	0.75	0	5	33	0.75	0.25	d.png	l.png	602312.57	602312.55	0.25	-0.02HC02S1	1	4	12	2	0.25	0	5	33	0.25	0.75	l.png	d.png	602314.93	602314.92	0.22	-0.01
2	0.25	0	5	33	0.25	0.75	l.png	d.png	602314.93	602314.92	0.22	-0.01HC02S1	1	4	13	2	0.25	1	6	33	0.25	0.75	l.png	d.png	602317.19	602317.18	0.33	-0.01
2	0.25	1	6	33	0.25	0.75	l.png	d.png	602317.19	602317.18	0.33	-0.01HC02S1	1	4	14	1	0.75	0	6	33	0.25	0.75	l.png	d.png	602319.74	602319.73	0.49	-0.01
1	0.75	0	6	33	0.25	0.75	l.png	d.png	602319.74	602319.73	0.49	-0.01HC02S1	1	4	15	1	0.75	1	7	33	0.25	0.75	l.png	d.png	602322.37	602322.35	0.27	-0.02
1	0.75	1	7	33	0.25	0.75	l.png	d.png	602322.37	602322.35	0.27	-0.02HC02S1	1	4	16	2	0.25	0	7	33	0.75	0.25	d.png	l.png	602325.19	602325.18	0.27	-0.01
2	0.25	0	7	33	0.75	0.25	d.png	l.png	602325.19	602325.18	0.27	-0.01HC02S1	1	4	17	2	0.25	0	7	33	0.75	0.25	d.png	l.png	602327.86	602327.84	0.43	-0.02
2	0.25	0	7	33	0.75	0.25	d.png	l.png	602327.86	602327.84	0.43	-0.02HC02S1	1	4	18	2	0.25	0	7	33	0.25	0.75	l.png	d.png	602330.75	602330.74	0.49	-0.01
2	0.25	0	7	33	0.25	0.75	l.png	d.png	602330.75	602330.74	0.49	-0.01HC02S1	1	4	19	1	0.75	1	8	33	0.75	0.25	d.png	l.png	602333.25	602333.24	0.29	-0.01
1	0.75	1	8	33	0.75	0.25	d.png	l.png	602333.25	602333.24	0.29	-0.01HC02S1	1	4	20	1	0.75	0	8	33	0.25	0.75	l.png	d.png	602336.65	602336.64	0.48	-0.01
1	0.75	0	8	33	0.25	0.75	l.png	d.png	602336.65	602336.64	0.48	-0.01HC02S1	1	5	1	2	0.25	0	0	41	0.75	0.25	k.png	a.png	602343.56	602343.55	0.41	-0.01
2	0.25	0	0	41	0.75	0.25	k.png	a.png	602343.56	602343.55	0.41	-0.01HC02S1	1	5	2	1	0.75	0	0	41	0.75	0.25	k.png	a.png	602346.01	602346.00	0.39	-0.01
1	0.75	0	0	41	0.75	0.25	k.png	a.png	602346.01	602346.00	0.39	-0.01HC02S1	1	5	3	2	0.25	0	0	41	0.25	0.75	a.png	k.png	602348.88	602348.87	0.28	-0.02
2	0.25	0	0	41	0.25	0.75	a.png	k.png	602348.88	602348.87	0.28	-0.02HC02S1	1	5	4	1	0.75	1	1	41	0.75	0.25	k.png	a.png	602351.50	602351.50	0.21	-0.01
1	0.75	1	1	41	0.75	0.25	k.png	a.png	602351.50	602351.50	0.21	-0.01HC02S1	1	5	5	1	0.75	0	1	41	0.25	0.75	a.png	k.png	602354.58	602354.56	0.48	-0.02
1	0.75	0	1	41	0.25	0.75	a.png	k.png	602354.58	602354.56	0.48	-0.02HC02S1	1	5	6	1	0.75	1	2	41	0.25	0.75	a.png	k.png	602357.63	602357.61	0.49	-0.02
1	0.75	1	2	41	0.25	0.75	a.png	k.png	602357.63	602357.61	0.49	-0.02HC02S1	1	5	7	1	0.75	1	3	41	0.25	0.75	a.png	k.png	602360.47	602360.46	0.46	-0.01
1	0.75	1	3	41	0.25	0.75	a.png	k.png	602360.47	602360.46	0.46	-0.01HC02S1	1	5	8	2	0.25	0	3	41	0.25	0.75	a.png	k.png	602362.94	602362.92	0.22	-0.02
2	0.25	0	3	41	0.25	0.75	a.png	k.png	602362.94	602362.92	0.22	-0.02HC02S1	1	5	9	1	0.75	1	4	41	0.75	0.25	k.png	a.png	602365.48	602365.47	0.24	-0.01
1	0.75	1	4	41	0.75	0.25	k.png	a.png	602365.48	602365.47	0.24	-0.01HC02S1	1	5	10	1	0.75	0	4	41	0.25	0.75	a.png	k.png	602368.17	602368.16	0.41	-0.01
1	0.75	0	4	41	0.25	0.75	a.png	k.png	602368.17	602368.16	0.41	-0.01HC02S1	1	5	11	2	0.25	0	4	41	0.75	0.25	k.png	a.png	602370.60	602370.59	0.36	-0.01
2	0.25	0	4	41	0.75	0.25	k.png	a.png	602370.60	602370.59	0.36	-0.01HC02S1	1	5	12	1	0.75	1	5	41	0.75	0.25	k.png	a.png	602372.94	602372.93	0.39	-0.01
1	0.75	1	5	41	0.75	0.25	k.png	a.png	602372.94	602372.93	0.39	-0.01HC02S1	1	5	13	2	0.25	0	5	41	0.75	0.25	k.png	a.png	602375.42	602375.40	0.23	-0.02
2	0.25	0	5	41	0.75	0.25	k.png	a.png	602375.42	602375.40	0.23	-0.02HC02S1	1	5	14	2	0.25	1	6	41	0.75	0.25	k.png	a.png	602377.65	602377.64	0.49	-0.01
2	0.25	1	6	41	0.75	0.25	k.png	a.png	602377.65	602377.64	0.49	-0.01HC02S1	1	5	15	1	0.75	1	7	41	0.75	0.25	k.png	a.png	602380.19	602380.18	0.48	-0.01
1	0.75	1	7	41	0.75	0.25	k.png	a.png	602380.19	602380.18	0.48	-0.01HC02S1	1	5	16	2	0.25	0	7	41	0.25	0.75	a.png	k.png	602382.48	602382.46	0.21	-0.01
2	0.25	0	7	41	0.25	0.75	a.png	k.png	602382.48	602382.46	0.21	-0.01HC02S1	1	5	17	1	0.75	1	8	41	0.75	0.25	k.png	a.png	602384.93	602384.91	0.48	-0.02
1	0.75	1	8	41	0.75	0.25	k.png	a.png	602384.93	602384.91	0.48	-0.02HC02S1	1	5	18	1	0.75	1	9	41	0.25	0.75	a.png	k.png	602387.89	602387.87	0.36	-0.02
1	0.75	1	9	41	0.25	0.75	a.png	k.png	602387.89	602387.87	0.36	-0.02HC02S1	1	5	19	2	0.25	0	9	41	0.25	0.75	a.png	k.png	602390.48	602390.46	0.33	-0.02
2	0.25	0	9	41	0.25	0.75	a.png	k.png	602390.48	602390.46	0.33	-0.02HC02S1	1	5	20	1	0.75	0	9	41	0.25	0.75	a.png	k.png	602392.67	602392.66	0.27	-0.02
1	0.75	0	9	41	0.25	0.75	a.png	k.png	602392.67	602392.66	0.27	-0.02HC02S1	1	6	1	1	0.25	1	1	50	0.25	0.75	s.png	f.png	602399.60	602399.58	0.32	-0.02
1	0.25	1	1	50	0.25	0.75	s.png	f.png	602399.60	602399.58	0.32	-0.02HC02S1	1	6	2	1	0.25	0	1	50	0.25	0.75	s.png	f.png	602402.64	602402.63	0.44	-0.01
1	0.25	0	1	50	0.25	0.75	s.png	f.png	602402.64	602402.63	0.44	-0.01HC02S1	1	6	3	1	0.25	0	1	50	0.75	0.25	f.png	s.png	602405.07	602405.05	0.47	-0.02
1	0.25	0	1	50	0.75	0.25	f.png	s.png	602405.07	602405.05	0.47	-0.02HC02S1	1	6	4	2	0.75	1	2	50	0.75	0.25	f.png	s.png	602407.89	602407.88	0.40	-0.01
2	0.75	1	2	50	0.75	0.25	f.png	s.png	602407.89	602407.88	0.40	-0.01HC02S1	1	6	5	2	0.75	1	3	50	0.75	0.25	f.png	s.png	602410.96	602410.95	0.33	-0.01
2	0.75	1	3	50	0.75	0.25	f.png	s.png	602410.96	602410.95	0.33	-0.01HC02S1	1	6	6	1	0.25	0	3	50	0.75	0.25	f.png	s.png	602413.49	602413.47	0.29	-0.02
1	0.25	0	3	50	0.75	0.25	f.png	s.png	602413.49	602413.47	0.29	-0.02HC02S1	1	6	7	2	0.75	1	4	50	0.25	0.75	s.png	f.png	602415.83	602415.82	0.20	-0.01
2	0.75	1	4	50	0.25	0.75	s.png	f.png	602415.83	602415.82	0.20	-0.01HC02S1	1	6	8	1	0.25	1	5	50	0.75	0.25	f.png	s.png	602418.87	602418.85	0.21	-0.02
1	0.25	1	5	50	0.75	0.25	f.png	s.png	602418.87	602418.85	0.21	-0.02HC02S1	1	6	9	2	0.75	0	5	50	0.75	0.25	f.png	s.png	602421.57	602421.56	0.26	-0.01
2	0.75	0	5	50	0.75	0.25	f.png	s.png	602421.57	602421.56	0.26	-0.01HC02S1	1	6	10	1	0.25	0	5	50	0.25	0.75	s.png	f.png	602423.89	602423.88	0.33	-0.01
1	0.25	0	5	50	0.25	0.75	s.png	f.png	602423.89	602423.88	0.33	-0.01HC02S1	1	6	11	1	0.25	0	5	50	0.75	0.25	f.png	s.png	602426.19	602426.18	0.35	-0.02
1	0.25	0	5	50	0.75	0.25	f.png	s.png	602426.19	602426.18	0.35	-0.02HC02S1	1	6	12	2	0.75	1	6	50	0.75	0.25	f.png	s.png	602428.91	602428.89	0.29	-0.02
2	0.75	1	6	50	0.75	0.25	f.png	s.png	602428.91	602428.89	0.29	-0.02HC02S1	1	6	13	1	0.25	0	6	50	0.25	0.75	s.png	f.png	602431.93	602431.92	0.31	-0.01
1	0.25	0	6	50	0.25	0.75	s.png	f.png	602431.93	602431.92	0.31	-0.01HC02S1	1	6	14	2	0.75	0	6	50	0.75	0.25	f.png	s.png	602434.32	602434.31	0.20	-0.01
2	0.75	0	6	50	0.75	0.25	f.png	s.png	602434.32	602434.31	0.20	-0.01HC02S1	1	6	15	1	0.25	1	7	50	0.75	0.25	f.png	s.png	602436.75	602436.73	0.22	-0.02
1	0.25	1	7	50	0.75	0.25	f.png	s.png	602436.75	602436.73	0.22	-0.02HC02S1	1	6	16	1	0.25	0	7	50	0.75	0.25	f.png	s.png	602439.53	602439.52	0.21	-0.02
1	0.25	0	7	50	0.75	0.25	f.png	s.png	602439.53	602439.52	0.21	-0.02HC02S1	1	6	17	1	0.25	0	7	50	0.75	0.25	f.png	s.png	602441.64	602441.62	0.25	-0.01
1	0.25	0	7	50	0.75	0.25	f.png	s.png	602441.64	602441.62	0.25	-0.01HC02S1	1	6	18	2	0.75	1	8	50	0.75	0.25	f.png	s.png	602444.14	602444.13	0.25	-0.01
2	0.75	1	8	50	0.75	0.25	f.png	s.png	602444.14	602444.13	0.25	-0.01HC02S1	1	6	19	2	0.75	1	9	50	0.25	0.75	s.png	f.png	602446.92	602446.90	0.25	-0.01
2	0.75	1	9	50	0.25	0.75	s.png	f.png	602446.92	602446.90	0.25	-0.01HC02S1	1	6	20	1	0.25	0	9	50	0.75	0.25	f.png	s.png	602449.35	602449.34	0.37	-0.01
1	0.25	0	9	50	0.75	0.25	f.png	s.png	602449.35	602449.34	0.37	-0.01