HC02S3	3	1	1	1	0.25	0	0	0	0.25	0.75	n.png	g.png	602945.76	602945.75	0.23	-0.01
1	0.25	0	0	0	0.25	0.75	n.png	g.png	602945.76	602945.75	0.23	-0.01HC02S3	3	1	2	1	0.25	0	0	0	0.25	0.75	n.png	g.png	602948.31	602948.30	0.23	-0.01
1	0.25	0	0	0	0.25	0.75	n.png	g.png	602948.31	602948.30	0.23	-0.01HC02S3	3	1	3	2	0.75	1	1	0	0.75	0.25	g.png	n.png	602950.96	602950.94	0.43	-0.02
2	0.75	1	1	0	0.75	0.25	g.png	n.png	602950.96	602950.94	0.43	-0.02HC02S3	3	1	4	1	0.25	0	1	0	0.75	0.25	g.png	n.png	602954.22	602954.21	0.44	-0.01
1	0.25	0	1	0	0.75	0.25	g.png	n.png	602954.22	602954.21	0.44	-0.01HC02S3	3	1	5	2	0.75	1	2	0	0.25	0.75	n.png	g.png	602957.02	602957.01	0.47	-0.01
2	0.75	1	2	0	0.25	0.75	n.png	g.png	602957.02	602957.01	0.47	-0.01HC02S3	3	1	6	2	0.75	1	3	0	0.75	0.25	g.png	n.png	602959.78	602959.77	0.42	-0.01
2	0.75	1	3	0	0.75	0.25	g.png	n.png	602959.78	602959.77	0.42	-0.01HC02S3	3	1	7	1	0.25	1	4	0	0.75	0.25	g.png	n.png	602962.81	602962.80	0.33	-0.02
1	0.25	1	4	0	0.75	0.25	g.png	n.png	602962.81	602962.80	0.33	-0.02HC02S3	3	1	8	1	0.25	0	4	0	0.75	0.25	g.png	n.png	602965.62	602965.61	0.38	-0.01
1	0.25	0	4	0	0.75	0.25	g.png	n.png	602965.62	602965.61	0.38	-0.01HC02S3	3	1	9	1	0.25	0	4	0	0.75	0.25	g.png	n.png	602967.62	602967.61	0.22	-0.01
1	0.25	0	4	0	0.75	0.25	g.png	n.png	602967.62	602967.61	0.22	-0.01HC02S3	3	1	10	2	0.75	1	5	0	0.75	0.25	g.png	n.png	602970.02	602970.01	0.28	-0.01
2	0.75	1	5	0	0.75	0.25	g.png	n.png	602970.02	602970.01	0.28	-0.01HC02S3	3	1	11	1	0.25	1	6	0	0.75	0.25	g.png	n.png	602972.84	602972.82	0.22	-0.02
1	0.25	1	6	0	0.75	0.25	g.png	n.png	602972.84	602972.82	0.22	-0.02HC02S3	3	1	12	2	0.75	1	7	0	0.25	0.75	n.png	g.png	602975.77	602975.76	0.22	-0.01
2	0.75	1	7	0	0.25	0.75	n.png	g.png	602975.77	602975.76	0.22	-0.01HC02S3	3	1	13	1	0.25	0	7	0	0.25	0.75	n.png	g.png	602978.59	602978.58	0.32	-0.01
1	0.25	0	7	0	0.25	0.75	n.png	g.png	602978.59	602978.58	0.32	-0.01HC02S3	3	1	14	2	0.75	0	7	0	0.75	0.25	g.png	n.png	602981.34	602981.32	0.31	-0.01
2	0.75	0	7	0	0.75	0.25	g.png	n.png	602981.34	602981.32	0.31	-0.01HC02S3	3	1	15	1	0.25	0	7	0	0.75	0.25	g.png	n.png	602983.93	602983.92	0.24	-0.01
1	0.25	0	7	0	0.75	0.25	g.png	n.png	602983.93	602983.92	0.24	-0.01HC02S3	3	1	16	2	0.75	1	8	0	0.25	0.75	n.png	g.png	602986.29	602986.28	0.22	-0.01
2	0.75	1	8	0	0.25	0.75	n.png	g.png	602986.29	602986.28	0.22	-0.01HC02S3	3	1	17	1	0.25	1	9	0	0.25	0.75	n.png	g.png	602989.34	602989.33	0.38	-0.01
1	0.25	1	9	0	0.25	0.75	n.png	g.png	602989.34	602989.33	0.38	-0.01HC02S3	3	1	18	2	0.75	0	9	0	0.25	0.75	n.png	g.png	602992.43	602992.42	0.46	-0.01
2	0.75	0	9	0	0.25	0.75	n.png	g.png	602992.43	602992.42	0.46	-0.01HC02S3	3	1	19	1	0.25	0	9	0	0.25	0.75	n.png	g.png	602995.00	602994.98	0.22	-0.02
1	0.25	0	9	0	0.25	0.75	n.png	g.png	602995.00	602994.98	0.22	-0.02HC02S3	3	1	20	2	0.75	1	10	0	0.25	0.75	n.png	g.png	602997.73	602997.72	0.36	-0.01
2	0.75	1	10	0	0.25	0.75	n.png	g.png	602997.73	602997.72	0.36	-0.01HC02S3	3	2	1	1	0.25	0	0	10	0.25	0.75	f.png	b.png	603009.28	603009.26	0.24	-0.01
1	0.25	0	0	10	0.25	0.75	f.png	b.png	603009.28	603009.26	0.24	-0.01HC02S3	3	2	2	1	0.25	0	0	10	0.75	0.25	b.png	f.png	603011.81	603011.79	0.34	-0.02
1	0.25	0	0	10	0.75	0.25	b.png	f.png	603011.81	603011.79	0.34	-0.02HC02S3	3	2	3	2	0.75	1	1	10	0.25	0.75	f.png	b.png	603015.27	603015.26	0.26	-0.01
2	0.75	1	1	10	0.25	0.75	f.png	b.png	603015.27	603015.26	0.26	-0.01HC02S3	3	2	4	1	0.25	0	1	10	0.25	0.75	f.png	b.png	603018.68	603018.66	0.43	-0.02
1	0.25	0	1	10	0.25	0.75	f.png	b.png	603018.68	603018.66	0.43	-0.02HC02S3	3	2	5	2	0.75	0	1	10	0.25	0.75	f.png	b.png	603021.48	603021.46	0.48	-0.02
2	0.75	0	1	10	0.25	0.75	f.png	b.png	603021.48	603021.46	0.48	-0.02HC02S3	3	2	6	1	0.25	0	1	10	0.75	0.25	b.png	f.png	603023.95	603023.93	0.32	-0.01
1	0.25	0	1	10	0.75	0.25	b.png	f.png	603023.95	603023.93	0.32	-0.01HC02S3	3	2	7	2	0.75	1	2	10	0.75	0.25	b.png	f.png	603026.26	603026.24	0.21	-0.02
2	0.75	1	2	10	0.75	0.25	b.png	f.png	603026.26	603026.24	0.21	-0.02HC02S3	3	2	8	1	0.25	1	3	10	0.25	0.75	f.png	b.png	603028.77	603028.75	0.38	-0.01
1	0.25	1	3	10	0.25	0.75	f.png	b.png	603028.77	603028.75	0.38	-0.01HC02S3	3	2	9	1	0.25	0	3	10	0.75	0.25	b.png	f.png	603031.42	603031.41	0.22	-0.01
1	0.25	0	3	10	0.75	0.25	b.png	f.png	603031.42	603031.41	0.22	-0.01HC02S3	3	2	10	1	0.25	1	4	10	0.75	0.25	b.png	f.png	603034.06	603034.04	0.48	-0.02
1	0.25	1	4	10	0.75	0.25	b.png	f.png	603034.06	603034.04	0.48	-0.02HC02S3	3	2	11	2	0.75	1	5	10	0.25	0.75	f.png	b.png	603036.87	603036.86	0.44	-0.01
2	0.75	1	5	10	0.25	0.75	f.png	b.png	603036.87	603036.86	0.44	-0.01HC02S3	3	2	12	1	0.25	0	5	10	0.25	0.75	f.png	b.png	603039.50	603039.48	0.30	-0.02
1	0.25	0	5	10	0.25	0.75	f.png	b.png	603039.50	603039.48	0.30	-0.02HC02S3	3	2	13	2	0.75	1	6	10	0.25	0.75	f.png	b.png	603042.17	603042.15	0.43	-0.02
2	0.75	1	6	10	0.25	0.75	f.png	b.png	603042.17	603042.15	0.43	-0.02HC02S3	3	2	14	1	0.25	0	6	10	0.25	0.75	f.png	b.png	603045.21	603045.20	0.47	-0.01
1	0.25	0	6	10	0.25	0.75	f.png	b.png	603045.21	603045.20	0.47	-0.01HC02S3	3	2	15	2	0.75	1	7	10	0.25	0.75	f.png	b.png	603047.63	603047.62	0.24	-0.01
2	0.75	1	7	10	0.25	0.75	f.png	b.png	603047.63	603047.62	0.24	-0.01HC02S3	3	2	16	1	0.25	0	7	10	0.25	0.75	f.png	b.png	603050.40	603050.39	0.20	-0.02
1	0.25	0	7	10	0.25	0.75	f.png	b.png	603050.40	603050.39	0.20	-0.02HC02S3	3	2	17	2	0.75	1	8	10	0.25	0.75	f.png	b.png	603053.11	603053.10	0.47	-0.01
2	0.75	1	8	10	0.25	0.75	f.png	b.png	603053.11	603053.10	0.47	-0.01HC02S3	3	2	18	2	0.75	1	9	10	0.75	0.25	b.png	f.png	603056.07	603056.05	0.39	-0.01
2	0.75	1	9	10	0.75	0.25	b.png	f.png	603056.07	603056.05	0.39	-0.01HC02S3	3	2	19	2	0.75	0	9	10	0.25	0.75	f.png	b.png	603058.73	603058.72	0.38	-0.01
2	0.75	0	9	10	0.25	0.75	f.png	b.png	603058.73	603058.72	0.38	-0.01HC02S3	3	2	20	1	0.25	0	9	10	0.25	0.75	f.png	b.png	603061.31	603061.30	0.47	-0.01
1	0.25	0	9	10	0.25	0.75	f.png	b.png	603061.31	603061.30	0.47	-0.01HC02S3	3	3	1	2	0.25	0	0	19	0.25	0.75	p.png	k.png	603067.19	603067.18	0.20	-0.01
2	0.25	0	0	19	0.25	0.75	p.png	k.png	603067.19	603067.18	0.20	-0.01HC02S3	3	3	2	2	0.25	0	0	19	0.75	0.25	k.png	p.png	603069.66	603069.64	0.42	-0.02
2	0.25	0	0	19	0.75	0.25	k.png	p.png	603069.66	603069.64	0.42	-0.02HC02S3	3	3	3	1	0.75	1	1	19	0.75	0.25	k.png	p.png	603071.79	603071.77	0.35	-0.02
1	0.75	1	1	19	0.75	0.25	k.png	p.png	603071.79	603071.77	0.35	-0.02HC02S3	3	3	4	1	0.75	1	2	19	0.25	0.75	p.png	k.png	603074.79	603074.77	0.46	-0.02
1	0.75	1	2	19	0.25	0.75	p.png	k.png	603074.79	603074.77	0.46	-0.02HC02S3	3	3	5	2	0.25	0	2	19	0.75	0.25	k.png	p.png	603077.85	603077.84	0.27	-0.01
2	0.25	0	2	19	0.75	0.25	k.png	p.png	603077.85	603077.84	0.27	-0.01HC02S3	3	3	6	1	0.75	1	3	19	0.75	0.25	k.png	p.png	603080.75	603080.74	0.44	-0.01
1	0.75	1	3	19	0.75	0.25	k.png	p.png	603080.75	603080.74	0.44	-0.01HC02S3	3	3	7	1	0.75	0	3	19	0.75	0.25	k.png	p.png	603083.74	603083.74	0.40	-0.01
1	0.75	0	3	19	0.75	0.25	k.png	p.png	603083.74	603083.74	0.40	-0.01HC02S3	3	3	8	1	0.75	1	4	19	0.25	0.75	p.png	k.png	603086.70	603086.68	0.22	-0.01
1	0.75	1	4	19	0.25	0.75	p.png	k.png	603086.70	603086.68	0.22	-0.01HC02S3	3	3	9	2	0.25	0	4	19	0.25	0.75	p.png	k.png	603089.55	603089.53	0.48	-0.02
2	0.25	0	4	19	0.25	0.75	p.png	k.png	603089.55	603089.53	0.48	-0.02HC02S3	3	3	10	1	0.75	1	5	19	0.25	0.75	p.png	k.png	603091.79	603091.78	0.29	-0.01
1	0.75	1	5	19	0.25	0.75	p.png	k.png	603091.79	603091.78	0.29	-0.01HC02S3	3	3	11	2	0.25	0	5	19	0.25	0.75	p.png	k.png	603094.69	603094.68	0.22	-0.01
2	0.25	0	5	19	0.25	0.75	p.png	k.png	603094.69	603094.68	0.22	-0.01HC02S3	3	3	12	2	0.25	0	5	19	0.25	0.75	p.png	k.png	603097.13	603097.12	0.32	-0.02
2	0.25	0	5	19	0.25	0.75	p.png	k.png	603097.13	603097.12	0.32	-0.02HC02S3	3	3	13	2	0.25	1	6	19	0.75	0.25	k.png	p.png	603100.41	603100.39	0.41	-0.01
2	0.25	1	6	19	0.75	0.25	k.png	p.png	603100.41	603100.39	0.41	-0.01HC02S3	3	3	14	1	0.75	1	7	19	0.75	0.25	k.png	p.png	603103.72	603103.71	0.32	-0.01
1	0.75	1	7	19	0.75	0.25	k.png	p.png	603103.72	603103.71	0.32	-0.01HC02S3	3	3	15	2	0.25	0	7	19	0.75	0.25	k.png	p.png	603106.67	603106.66	0.32	-0.02
2	0.25	0	7	19	0.75	0.25	k.png	p.png	603106.67	603106.66	0.32	-0.02HC02S3	3	3	16	1	0.75	1	8	19	0.75	0.25	k.png	p.png	603108.80	603108.79	0.39	-0.01
1	0.75	1	8	19	0.75	0.25	k.png	p.png	603108.80	603108.79	0.39	-0.01HC02S3	3	3	17	1	0.75	1	9	19	0.25	0.75	p.png	k.png	603111.84	603111.83	0.31	-0.02
1	0.75	1	9	19	0.25	0.75	p.png	k.png	603111.84	603111.83	0.31	-0.02HC02S3	3	3	18	2	0.25	0	9	19	0.75	0.25	k.png	p.png	603114.96	603114.95	0.29	-0.01
2	0.25	0	9	19	0.75	0.25	k.png	p.png	603114.96	603114.95	0.29	-0.01HC02S3	3	3	19	1	0.75	1	10	19	0.25	0.75	p.png	k.png	603117.68	603117.66	0.41	-0.02
1	0.75	1	10	19	0.25	0.75	p.png	k.png	603117.68	603117.66	0.41	-0.02HC02S3	3	3	20	2	0.25	0	10	19	0.75	0.25	k.png	p.png	603121.20	603121.18	0.20	-0.02
2	0.25	0	10	19	0.75	0.25	k.png	p.png	603121.20	603121.18	0.20	-0.02HC02S3	3	4	1	2	0.25	0	0	29	0.25	0.75	j.png	x.png	603130.82	603130.80	0.22	-0.02
2	0.25	0	0	29	0.25	0.75	j.png	x.png	603130.82	603130.80	0.22	-0.02HC02S3	3	4	2	2	0.25	0	0	29	0.75	0.25	x.png	j.png	603133.65	603133.63	0.30	-0.02
2	0.25	0	0	29	0.75	0.25	x.png	j.png	603133.65	603133.63	0.30	-0.02HC02S3	3	4	3	1	0.75	1	1	29	0.25	0.75	j.png	x.png	603136.20	603136.19	0.30	-0.01
1	0.75	1	1	29	0.25	0.75	j.png	x.png	603136.20	603136.19	0.30	-0.01HC02S3	3	4	4	1	0.75	1	2	29	0.25	0.75	j.png	x.png	603139.13	603139.11	0.23	-0.02
1	0.75	1	2	29	0.25	0.75	j.png	x.png	603139.13	603139.11	0.23	-0.02HC02S3	3	4	5	2	0.25	0	2	29	0.25	0.75	j.png	x.png	603142.26	603142.25	0.49	-0.01
2	0.25	0	2	29	0.25	0.75	j.png	x.png	603142.26	603142.25	0.49	-0.01HC02S3	3	4	6	2	0.25	0	2	29	0.25	0.75	j.png	x.png	603145.04	603145.02	0.44	-0.01
2	0.25	0	2	29	0.25	0.75	j.png	x.png	603145.04	603145.02	0.44	-0.01HC02S3	3	4	7	1	0.75	1	3	29	0.25	0.75	j.png	x.png	603147.82	603147.80	0.34	-0.02
1	0.75	1	3	29	0.25	0.75	j.png	x.png	603147.82	603147.80	0.34	-0.02HC02S3	3	4	8	2	0.25	0	3	29	0.25	0.75	j.png	x.png	603150.92	603150.91	0.45	-0.01
2	0.25	0	3	29	0.25	0.75	j.png	x.png	603150.92	603150.91	0.45	-0.01HC02S3	3	4	9	1	0.75	1	4	29	0.75	0.25	x.png	j.png	603153.48	603153.47	0.35	-0.01
1	0.75	1	4	29	0.75	0.25	x.png	j.png	603153.48	603153.47	0.35	-0.01HC02S3	3	4	10	1	0.75	1	5	29	0.25	0.75	j.png	x.png	603156.36	603156.35	0.43	-0.01
1	0.75	1	5	29	0.25	0.75	j.png	x.png	603156.36	603156.35	0.43	-0.01HC02S3	3	4	11	1	0.75	1	6	29	0.25	0.75	j.png	x.png	603159.14	603159.12	0.38	-0.02
1	0.75	1	6	29	0.25	0.75	j.png	x.png	603159.14	603159.12	0.38	-0.02HC02S3	3	4	12	1	0.75	1	7	29	0.25	0.75	j.png	x.png	603162.13	603162.12	0.44	-0.01
1	0.75	1	7	29	0.25	0.75	j.png	x.png	603162.13	603162.12	0.44	-0.01HC02S3	3	4	13	2	0.25	0	7	29	0.25	0.75	j.png	x.png	603165.01	603165.00	0.46	-0.01
2	0.25	0	7	29	0.25	0.75	j.png	x.png	603165.01	603165.00	0.46	-0.01HC02S3	3	4	14	1	0.75	1	8	29	0.25	0.75	j.png	x.png	603167.77	603167.76	0.49	-0.01
1	0.75	1	8	29	0.25	0.75	j.png	x.png	603167.77	603167.76	0.49	-0.01HC02S3	3	4	15	2	0.25	0	8	29	0.75	0.25	x.png	j.png	603170.88	603170.87	0.27	-0.01
2	0.25	0	8	29	0.75	0.25	x.png	j.png	603170.88	603170.87	0.27	-0.01HC02S3	3	4	16	1	0.75	0	8	29	0.75	0.25	x.png	j.png	603173.62	603173.60	0.40	-0.01
1	0.75	0	8	29	0.75	0.25	x.png	j.png	603173.62	603173.60	0.40	-0.01HC02S3	3	4	17	2	0.25	0	8	29	0.75	0.25	x.png	j.png	603176.32	603176.31	0.44	-0.01
2	0.25	0	8	29	0.75	0.25	x.png	j.png	603176.32	603176.31	0.44	-0.01HC02S3	3	4	18	1	0.75	0	8	29	0.75	0.25	x.png	j.png	603179.07	603179.06	0.42	-0.01
1	0.75	0	8	29	0.75	0.25	x.png	j.png	603179.07	603179.06	0.42	-0.01HC02S3	3	4	19	2	0.25	0	8	29	0.75	0.25	x.png	j.png	603182.06	603182.05	0.31	-0.01
2	0.25	0	8	29	0.75	0.25	x.png	j.png	603182.06	603182.05	0.31	-0.01HC02S3	3	4	20	1	0.75	1	9	29	0.25	0.75	j.png	x.png	603184.73	603184.71	0.24	-0.02
1	0.75	1	9	29	0.25	0.75	j.png	x.png	603184.73	603184.71	0.24	-0.02HC02S3	3	5	1	1	0.75	0	0	38	0.75	0.25	l.png	o.png	603192.41	603192.39	0.20	-0.02
1	0.75	0	0	38	0.75	0.25	l.png	o.png	603192.41	603192.39	0.20	-0.02HC02S3	3	5	2	2	0.25	0	0	38	0.75	0.25	l.png	o.png	603195.23	603195.21	0.40	-0.02
2	0.25	0	0	38	0.75	0.25	l.png	o.png	603195.23	603195.21	0.40	-0.02HC02S3	3	5	3	1	0.75	1	1	38	0.75	0.25	l.png	o.png	603198.05	603197.85	0.44	-0.20
1	0.75	1	1	38	0.75	0.25	l.png	o.png	603198.05	603197.85	0.44	-0.20HC02S3	3	5	4	2	0.25	0	1	38	0.75	0.25	l.png	o.png	603200.74	603200.73	0.21	-0.01
2	0.25	0	1	38	0.75	0.25	l.png	o.png	603200.74	603200.73	0.21	-0.01HC02S3	3	5	5	1	0.75	0	1	38	0.75	0.25	l.png	o.png	603203.41	603203.39	0.37	-0.02
1	0.75	0	1	38	0.75	0.25	l.png	o.png	603203.41	603203.39	0.37	-0.02HC02S3	3	5	6	1	0.75	1	2	38	0.75	0.25	l.png	o.png	603206.12	603206.10	0.45	-0.02
1	0.75	1	2	38	0.75	0.25	l.png	o.png	603206.12	603206.10	0.45	-0.02HC02S3	3	5	7	2	0.25	1	3	38	0.25	0.75	o.png	l.png	603209.32	603209.31	0.46	-0.01
2	0.25	1	3	38	0.25	0.75	o.png	l.png	603209.32	603209.31	0.46	-0.01HC02S3	3	5	8	1	0.75	1	4	38	0.25	0.75	o.png	l.png	603212.44	603212.43	0.26	-0.01
1	0.75	1	4	38	0.25	0.75	o.png	l.png	603212.44	603212.43	0.26	-0.01HC02S3	3	5	9	2	0.25	1	5	38	0.75	0.25	l.png	o.png	603215.59	603215.58	0.39	-0.02
2	0.25	1	5	38	0.75	0.25	l.png	o.png	603215.59	603215.58	0.39	-0.02HC02S3	3	5	10	1	0.75	0	5	38	0.75	0.25	l.png	o.png	603218.66	603218.64	0.47	-0.02
1	0.75	0	5	38	0.75	0.25	l.png	o.png	603218.66	603218.64	0.47	-0.02HC02S3	3	5	11	2	0.25	1	6	38	0.25	0.75	o.png	l.png	603221.36	603221.34	0.27	-0.02
2	0.25	1	6	38	0.25	0.75	o.png	l.png	603221.36	603221.34	0.27	-0.02HC02S3	3	5	12	2	0.25	0	6	38	0.75	0.25	l.png	o.png	603224.51	603224.49	0.40	-0.02
2	0.25	0	6	38	0.75	0.25	l.png	o.png	603224.51	603224.49	0.40	-0.02HC02S3	3	5	13	1	0.75	0	6	38	0.75	0.25	l.png	o.png	603227.00	603226.99	0.26	-0.01
1	0.75	0	6	38	0.75	0.25	l.png	o.png	603227.00	603226.99	0.26	-0.01HC02S3	3	5	14	2	0.25	0	6	38	0.75	0.25	l.png	o.png	603229.44	603229.43	0.23	-0.01
2	0.25	0	6	38	0.75	0.25	l.png	o.png	603229.44	603229.43	0.23	-0.01HC02S3	3	5	15	1	0.75	1	7	38	0.25	0.75	o.png	l.png	603231.48	603231.47	0.20	-0.02
1	0.75	1	7	38	0.25	0.75	o.png	l.png	603231.48	603231.47	0.20	-0.02HC02S3	3	5	16	1	0.75	1	8	38	0.75	0.25	l.png	o.png	603234.33	603234.32	0.21	-0.01
1	0.75	1	8	38	0.75	0.25	l.png	o.png	603234.33	603234.32	0.21	-0.01HC02S3	3	5	17	1	0.75	1	9	38	0.25	0.75	o.png	l.png	603237.37	603237.35	0.45	-0.01
1	0.75	1	9	38	0.25	0.75	o.png	l.png	603237.37	603237.35	0.45	-0.01HC02S3	3	5	18	2	0.25	1	10	38	0.25	0.75	o.png	l.png	603240.22	603240.20	0.23	-0.02
2	0.25	1	10	38	0.25	0.75	o.png	l.png	603240.22	603240.20	0.23	-0.02HC02S3	3	5	19	1	0.75	1	11	38	0.75	0.25	l.png	o.png	603243.32	603243.31	0.33	-0.02
1	0.75	1	11	38	0.75	0.25	l.png	o.png	603243.32	603243.31	0.33	-0.02HC02S3	3	5	20	2	0.25	1	12	38	0.75	0.25	l.png	o.png	603246.34	603246.33	0.38	-0.02
2	0.25	1	12	38	0.75	0.25	l.png	o.png	603246.34	603246.33	0.38	-0.02HC02S3	3	6	1	2	0.25	0	0	50	0.25	0.75	w.png	a.png	603255.28	603255.27	0.39	-0.01
2	0.25	0	0	50	0.25	0.75	w.png	a.png	603255.28	603255.27	0.39	-0.01HC02S3	3	6	2	1	0.75	1	1	50	0.25	0.75	w.png	a.png	603257.75	603257.74	0.49	-0.02
1	0.75	1	1	50	0.25	0.75	w.png	a.png	603257.75	603257.74	0.49	-0.02HC02S3	3	6	3	2	0.25	1	2	50	0.25	0.75	w.png	a.png	603261.13	603261.12	0.43	-0.01
2	0.25	1	2	50	0.25	0.75	w.png	a.png	603261.13	603261.12	0.43	-0.01HC02S3	3	6	4	2	0.25	1	3	50	0.75	0.25	a.png	w.png	603263.85	603263.83	0.44	-0.01
2	0.25	1	3	50	0.75	0.25	a.png	w.png	603263.85	603263.83	0.44	-0.01HC02S3	3	6	5	1	0.75	1	4	50	0.25	0.75	w.png	a.png	603267.27	603267.26	0.21	-0.01
1	0.75	1	4	50	0.25	0.75	w.png	a.png	603267.27	603267.26	0.21	-0.01HC02S3	3	6	6	1	0.75	1	5	50	0.75	0.25	a.png	w.png	603270.17	603270.16	0.27	-0.01
1	0.75	1	5	50	0.75	0.25	a.png	w.png	603270.17	603270.16	0.27	-0.01HC02S3	3	6	7	2	0.25	0	5	50	0.75	0.25	a.png	w.png	603273.18	603273.17	0.45	-0.02
2	0.25	0	5	50	0.75	0.25	a.png	w.png	603273.18	603273.17	0.45	-0.02HC02S3	3	6	8	1	0.75	1	6	50	0.75	0.25	a.png	w.png	603275.45	603275.44	0.31	-0.01
1	0.75	1	6	50	0.75	0.25	a.png	w.png	603275.45	603275.44	0.31	-0.01HC02S3	3	6	9	2	0.25	0	6	50	0.75	0.25	a.png	w.png	603278.42	603278.41	0.44	-0.01
2	0.25	0	6	50	0.75	0.25	a.png	w.png	603278.42	603278.41	0.44	-0.01HC02S3	3	6	10	1	0.75	1	7	50	0.25	0.75	w.png	a.png	603281.25	603281.23	0.41	-0.02
1	0.75	1	7	50	0.25	0.75	w.png	a.png	603281.25	603281.23	0.41	-0.02HC02S3	3	6	11	2	0.25	0	7	50	0.25	0.75	w.png	a.png	603284.28	603284.26	0.38	-0.02
2	0.25	0	7	50	0.25	0.75	w.png	a.png	603284.28	603284.26	0.38	-0.02HC02S3	3	6	12	2	0.25	0	7	50	0.25	0.75	w.png	a.png	603287.17	603287.16	0.44	-0.01
2	0.25	0	7	50	0.25	0.75	w.png	a.png	603287.17	603287.16	0.44	-0.01HC02S3	3	6	13	1	0.75	0	7	50	0.25	0.75	w.png	a.png	603289.55	603289.54	0.22	-0.01
1	0.75	0	7	50	0.25	0.75	w.png	a.png	603289.55	603289.54	0.22	-0.01HC02S3	3	6	14	1	0.75	1	8	50	0.25	0.75	w.png	a.png	603292.64	603292.63	0.22	-0.01
1	0.75	1	8	50	0.25	0.75	w.png	a.png	603292.64	603292.63	0.22	-0.01HC02S3	3	6	15	1	0.75	1	9	50	0.25	0.75	w.png	a.png	603295.67	603295.66	0.36	-0.01
1	0.75	1	9	50	0.25	0.75	w.png	a.png	603295.67	603295.66	0.36	-0.01HC02S3	3	6	16	2	0.25	0	9	50	0.75	0.25	a.png	w.png	603298.62	603298.60	0.41	-0.02
2	0.25	0	9	50	0.75	0.25	a.png	w.png	603298.62	603298.60	0.41	-0.02HC02S3	3	6	17	1	0.75	0	9	50	0.25	0.75	w.png	a.png	603301.27	603301.25	0.50	-0.02
1	0.75	0	9	50	0.25	0.75	w.png	a.png	603301.27	603301.25	0.50	-0.02HC02S3	3	6	18	2	0.25	1	10	50	0.25	0.75	w.png	a.png	603303.90	603303.89	0.23	-0.01
2	0.25	1	10	50	0.25	0.75	w.png	a.png	603303.90	603303.89	0.23	-0.01HC02S3	3	6	19	2	0.25	0	10	50	0.25	0.75	w.png	a.png	603307.04	603307.03	0.48	-0.02
2	0.25	0	10	50	0.25	0.75	w.png	a.png	603307.04	603307.03	0.48	-0.02HC02S3	3	6	20	1	0.75	1	11	50	0.25	0.75	w.png	a.png	603309.69	603309.68	0.34	-0.01
1	0.75	1	11	50	0.25	0.75	w.png	a.png	603309.69	603309.68	0.34	-0.01