HC02S4	4	1	1	2	0.25	0	0	0	0.75	0.25	y.png	v.png	603428.99	603428.98	0.47	-0.01
2	0.25	0	0	0	0.75	0.25	y.png	v.png	603428.99	603428.98	0.47	-0.01HC02S4	4	1	2	1	0.75	1	1	0	0.75	0.25	y.png	v.png	603431.66	603431.65	0.33	-0.01
1	0.75	1	1	0	0.75	0.25	y.png	v.png	603431.66	603431.65	0.33	-0.01HC02S4	4	1	3	1	0.75	0	1	0	0.25	0.75	v.png	y.png	603434.86	603434.85	0.48	-0.01
1	0.75	0	1	0	0.25	0.75	v.png	y.png	603434.86	603434.85	0.48	-0.01HC02S4	4	1	4	1	0.75	0	1	0	0.75	0.25	y.png	v.png	603437.59	603437.58	0.22	-0.01
1	0.75	0	1	0	0.75	0.25	y.png	v.png	603437.59	603437.58	0.22	-0.01HC02S4	4	1	5	2	0.25	0	1	0	0.75	0.25	y.png	v.png	603440.09	603440.08	0.33	-0.01
2	0.25	0	1	0	0.75	0.25	y.png	v.png	603440.09	603440.08	0.33	-0.01HC02S4	4	1	6	2	0.25	0	1	0	0.25	0.75	v.png	y.png	603442.68	603442.66	0.34	-0.01
2	0.25	0	1	0	0.25	0.75	v.png	y.png	603442.68	603442.66	0.34	-0.01HC02S4	4	1	7	1	0.75	1	2	0	0.75	0.25	y.png	v.png	603445.92	603445.91	0.27	-0.01
1	0.75	1	2	0	0.75	0.25	y.png	v.png	603445.92	603445.91	0.27	-0.01HC02S4	4	1	8	1	0.75	1	3	0	0.25	0.75	v.png	y.png	603448.76	603448.74	0.26	-0.02
1	0.75	1	3	0	0.25	0.75	v.png	y.png	603448.76	603448.74	0.26	-0.02HC02S4	4	1	9	1	0.75	1	4	0	0.75	0.25	y.png	v.png	603452.22	603452.21	0.37	-0.01
1	0.75	1	4	0	0.75	0.25	y.png	v.png	603452.22	603452.21	0.37	-0.01HC02S4	4	1	10	1	0.75	0	4	0	0.25	0.75	v.png	y.png	603455.51	603455.50	0.46	-0.01
1	0.75	0	4	0	0.25	0.75	v.png	y.png	603455.51	603455.50	0.46	-0.01HC02S4	4	1	11	2	0.25	0	4	0	0.25	0.75	v.png	y.png	603458.27	603458.25	0.33	-0.01
2	0.25	0	4	0	0.25	0.75	v.png	y.png	603458.27	603458.25	0.33	-0.01HC02S4	4	1	12	1	0.75	1	5	0	0.25	0.75	v.png	y.png	603460.87	603460.85	0.40	-0.01
1	0.75	1	5	0	0.25	0.75	v.png	y.png	603460.87	603460.85	0.40	-0.01HC02S4	4	1	13	1	0.75	1	6	0	0.75	0.25	y.png	v.png	603463.96	603463.95	0.31	-0.01
1	0.75	1	6	0	0.75	0.25	y.png	v.png	603463.96	603463.95	0.31	-0.01HC02S4	4	1	14	2	0.25	0	6	0	0.75	0.25	y.png	v.png	603467.27	603467.26	0.40	-0.01
2	0.25	0	6	0	0.75	0.25	y.png	v.png	603467.27	603467.26	0.40	-0.01HC02S4	4	1	15	2	0.25	0	6	0	0.25	0.75	v.png	y.png	603469.81	603469.80	0.45	-0.01
2	0.25	0	6	0	0.25	0.75	v.png	y.png	603469.81	603469.80	0.45	-0.01HC02S4	4	1	16	2	0.25	0	6	0	0.75	0.25	y.png	v.png	603472.33	603472.31	0.23	-0.01
2	0.25	0	6	0	0.75	0.25	y.png	v.png	603472.33	603472.31	0.23	-0.01HC02S4	4	1	17	2	0.25	0	6	0	0.25	0.75	v.png	y.png	603474.76	603474.75	0.24	-0.01
2	0.25	0	6	0	0.25	0.75	v.png	y.png	603474.76	603474.75	0.24	-0.01HC02S4	4	1	18	2	0.25	0	6	0	0.25	0.75	v.png	y.png	603477.22	603477.21	0.22	-0.01
2	0.25	0	6	0	0.25	0.75	v.png	y.png	603477.22	603477.21	0.22	-0.01HC02S4	4	1	19	2	0.25	0	6	0	0.25	0.75	v.png	y.png	603479.60	603479.59	0.27	-0.01
2	0.25	0	6	0	0.25	0.75	v.png	y.png	603479.60	603479.59	0.27	-0.01HC02S4	4	1	20	1	0.75	1	7	0	0.25	0.75	v.png	y.png	603482.08	603482.07	0.34	-0.01
1	0.75	1	7	0	0.25	0.75	v.png	y.png	603482.08	603482.07	0.34	-0.01HC02S4	4	2	1	1	0.75	0	0	7	0.25	0.75	l.png	d.png	603490.89	603490.88	0.23	-0.01
1	0.75	0	0	7	0.25	0.75	l.png	d.png	603490.89	603490.88	0.23	-0.01HC02S4	4	2	2	2	0.25	1	1	7	0.75	0.25	d.png	l.png	603495.51	603495.50	0.50	-0.01
2	0.25	1	1	7	0.75	0.25	d.png	l.png	603495.51	603495.50	0.50	-0.01HC02S4	4	2	3	2	0.25	0	1	7	0.25	0.75	l.png	d.png	603498.52	603498.51	0.33	-0.01
2	0.25	0	1	7	0.25	0.75	l.png	d.png	603498.52	603498.51	0.33	-0.01HC02S4	4	2	4	1	0.75	1	2	7	0.25	0.75	l.png	d.png	603501.26	603501.25	0.50	-0.02
1	0.75	1	2	7	0.25	0.75	l.png	d.png	603501.26	603501.25	0.50	-0.02HC02S4	4	2	5	1	0.75	0	2	7	0.75	0.25	d.png	l.png	603504.24	603504.23	0.20	-0.01
1	0.75	0	2	7	0.75	0.25	d.png	l.png	603504.24	603504.23	0.20	-0.01HC02S4	4	2	6	2	0.25	0	2	7	0.25	0.75	l.png	d.png	603507.74	603507.43	0.42	-0.31
2	0.25	0	2	7	0.25	0.75	l.png	d.png	603507.74	603507.43	0.42	-0.31HC02S4	4	2	7	2	0.25	0	2	7	0.75	0.25	d.png	l.png	603511.00	603510.99	0.43	-0.02
2	0.25	0	2	7	0.75	0.25	d.png	l.png	603511.00	603510.99	0.43	-0.02HC02S4	4	2	8	2	0.25	0	2	7	0.25	0.75	l.png	d.png	603513.70	603513.69	0.33	-0.01
2	0.25	0	2	7	0.25	0.75	l.png	d.png	603513.70	603513.69	0.33	-0.01HC02S4	4	2	9	1	0.75	1	3	7	0.75	0.25	d.png	l.png	603516.46	603516.45	0.44	-0.02
1	0.75	1	3	7	0.75	0.25	d.png	l.png	603516.46	603516.45	0.44	-0.02HC02S4	4	2	10	2	0.25	0	3	7	0.75	0.25	d.png	l.png	603519.25	603519.23	0.26	-0.02
2	0.25	0	3	7	0.75	0.25	d.png	l.png	603519.25	603519.23	0.26	-0.02HC02S4	4	2	11	1	0.75	1	4	7	0.75	0.25	d.png	l.png	603521.88	603521.87	0.33	-0.01
1	0.75	1	4	7	0.75	0.25	d.png	l.png	603521.88	603521.87	0.33	-0.01HC02S4	4	2	12	1	0.75	1	5	7	0.25	0.75	l.png	d.png	603524.77	603524.75	0.24	-0.02
1	0.75	1	5	7	0.25	0.75	l.png	d.png	603524.77	603524.75	0.24	-0.02HC02S4	4	2	13	1	0.75	1	6	7	0.75	0.25	d.png	l.png	603527.34	603527.32	0.22	-0.02
1	0.75	1	6	7	0.75	0.25	d.png	l.png	603527.34	603527.32	0.22	-0.02HC02S4	4	2	14	1	0.75	0	6	7	0.75	0.25	d.png	l.png	603530.04	603530.03	0.22	-0.01
1	0.75	0	6	7	0.75	0.25	d.png	l.png	603530.04	603530.03	0.22	-0.01HC02S4	4	2	15	2	0.25	1	7	7	0.75	0.25	d.png	l.png	603532.64	603532.62	0.38	-0.02
2	0.25	1	7	7	0.75	0.25	d.png	l.png	603532.64	603532.62	0.38	-0.02HC02S4	4	2	16	2	0.25	0	7	7	0.75	0.25	d.png	l.png	603535.41	603535.39	0.43	-0.01
2	0.25	0	7	7	0.75	0.25	d.png	l.png	603535.41	603535.39	0.43	-0.01HC02S4	4	2	17	1	0.75	1	8	7	0.25	0.75	l.png	d.png	603537.83	603537.81	0.30	-0.02
1	0.75	1	8	7	0.25	0.75	l.png	d.png	603537.83	603537.81	0.30	-0.02HC02S4	4	2	18	2	0.25	0	8	7	0.75	0.25	d.png	l.png	603540.43	603540.42	0.22	-0.01
2	0.25	0	8	7	0.75	0.25	d.png	l.png	603540.43	603540.42	0.22	-0.01HC02S4	4	2	19	1	0.75	1	9	7	0.25	0.75	l.png	d.png	603542.89	603542.88	0.45	-0.01
1	0.75	1	9	7	0.25	0.75	l.png	d.png	603542.89	603542.88	0.45	-0.01HC02S4	4	2	20	2	0.25	0	9	7	0.75	0.25	d.png	l.png	603545.81	603545.80	0.24	-0.02
2	0.25	0	9	7	0.75	0.25	d.png	l.png	603545.81	603545.80	0.24	-0.02HC02S4	4	3	1	1	0.25	0	0	16	0.25	0.75	u.png	k.png	603551.50	603551.48	0.21	-0.01
1	0.25	0	0	16	0.25	0.75	u.png	k.png	603551.50	603551.48	0.21	-0.01HC02S4	4	3	2	1	0.25	0	0	16	0.75	0.25	k.png	u.png	603554.19	603554.18	0.50	-0.01
1	0.25	0	0	16	0.75	0.25	k.png	u.png	603554.19	603554.18	0.50	-0.01HC02S4	4	3	3	1	0.25	0	0	16	0.25	0.75	u.png	k.png	603556.91	603556.90	0.49	-0.01
1	0.25	0	0	16	0.25	0.75	u.png	k.png	603556.91	603556.90	0.49	-0.01HC02S4	4	3	4	2	0.75	1	1	16	0.75	0.25	k.png	u.png	603559.59	603559.58	0.50	-0.02
2	0.75	1	1	16	0.75	0.25	k.png	u.png	603559.59	603559.58	0.50	-0.02HC02S4	4	3	5	2	0.75	1	2	16	0.25	0.75	u.png	k.png	603562.50	603562.49	0.43	-0.01
2	0.75	1	2	16	0.25	0.75	u.png	k.png	603562.50	603562.49	0.43	-0.01HC02S4	4	3	6	2	0.75	1	3	16	0.25	0.75	u.png	k.png	603565.31	603565.30	0.38	-0.01
2	0.75	1	3	16	0.25	0.75	u.png	k.png	603565.31	603565.30	0.38	-0.01HC02S4	4	3	7	2	0.75	0	3	16	0.75	0.25	k.png	u.png	603568.00	603567.98	0.24	-0.02
2	0.75	0	3	16	0.75	0.25	k.png	u.png	603568.00	603567.98	0.24	-0.02HC02S4	4	3	8	1	0.25	0	3	16	0.75	0.25	k.png	u.png	603570.38	603570.36	0.25	-0.02
1	0.25	0	3	16	0.75	0.25	k.png	u.png	603570.38	603570.36	0.25	-0.02HC02S4	4	3	9	1	0.25	0	3	16	0.75	0.25	k.png	u.png	603572.98	603572.97	0.48	-0.01
1	0.25	0	3	16	0.75	0.25	k.png	u.png	603572.98	603572.97	0.48	-0.01HC02S4	4	3	10	2	0.75	1	4	16	0.75	0.25	k.png	u.png	603575.59	603575.59	0.39	-0.01
2	0.75	1	4	16	0.75	0.25	k.png	u.png	603575.59	603575.59	0.39	-0.01HC02S4	4	3	11	2	0.75	1	5	16	0.25	0.75	u.png	k.png	603578.34	603578.22	0.21	-0.12
2	0.75	1	5	16	0.25	0.75	u.png	k.png	603578.34	603578.22	0.21	-0.12HC02S4	4	3	12	2	0.75	1	6	16	0.75	0.25	k.png	u.png	603581.27	603581.26	0.40	-0.01
2	0.75	1	6	16	0.75	0.25	k.png	u.png	603581.27	603581.26	0.40	-0.01HC02S4	4	3	13	1	0.25	0	6	16	0.75	0.25	k.png	u.png	603584.18	603584.17	0.38	-0.01
1	0.25	0	6	16	0.75	0.25	k.png	u.png	603584.18	603584.17	0.38	-0.01HC02S4	4	3	14	2	0.75	1	7	16	0.25	0.75	u.png	k.png	603586.81	603586.80	0.46	-0.01
2	0.75	1	7	16	0.25	0.75	u.png	k.png	603586.81	603586.80	0.46	-0.01HC02S4	4	3	15	2	0.75	1	8	16	0.75	0.25	k.png	u.png	603589.51	603589.50	0.32	-0.01
2	0.75	1	8	16	0.75	0.25	k.png	u.png	603589.51	603589.50	0.32	-0.01HC02S4	4	3	16	2	0.75	1	9	16	0.25	0.75	u.png	k.png	603592.80	603592.78	0.24	-0.01
2	0.75	1	9	16	0.25	0.75	u.png	k.png	603592.80	603592.78	0.24	-0.01HC02S4	4	3	17	2	0.75	0	9	16	0.75	0.25	k.png	u.png	603595.34	603595.32	0.25	-0.01
2	0.75	0	9	16	0.75	0.25	k.png	u.png	603595.34	603595.32	0.25	-0.01HC02S4	4	3	18	1	0.25	0	9	16	0.75	0.25	k.png	u.png	603597.98	603597.97	0.39	-0.01
1	0.25	0	9	16	0.75	0.25	k.png	u.png	603597.98	603597.97	0.39	-0.01HC02S4	4	3	19	2	0.75	1	10	16	0.25	0.75	u.png	k.png	603600.27	603600.26	0.23	-0.01
2	0.75	1	10	16	0.25	0.75	u.png	k.png	603600.27	603600.26	0.23	-0.01HC02S4	4	3	20	2	0.75	1	11	16	0.25	0.75	u.png	k.png	603603.17	603603.16	0.24	-0.02
2	0.75	1	11	16	0.25	0.75	u.png	k.png	603603.17	603603.16	0.24	-0.02HC02S4	4	4	1	2	0.25	0	0	27	0.25	0.75	m.png	a.png	603610.10	603610.09	0.36	-0.01
2	0.25	0	0	27	0.25	0.75	m.png	a.png	603610.10	603610.09	0.36	-0.01HC02S4	4	4	2	1	0.75	1	1	27	0.25	0.75	m.png	a.png	603612.50	603612.48	0.46	-0.02
1	0.75	1	1	27	0.25	0.75	m.png	a.png	603612.50	603612.48	0.46	-0.02HC02S4	4	4	3	1	0.75	0	1	27	0.25	0.75	m.png	a.png	603615.36	603615.35	0.42	-0.01
1	0.75	0	1	27	0.25	0.75	m.png	a.png	603615.36	603615.35	0.42	-0.01HC02S4	4	4	4	2	0.25	0	1	27	0.25	0.75	m.png	a.png	603617.85	603617.84	0.32	-0.01
2	0.25	0	1	27	0.25	0.75	m.png	a.png	603617.85	603617.84	0.32	-0.01HC02S4	4	4	5	1	0.75	0	1	27	0.75	0.25	a.png	m.png	603620.24	603620.23	0.26	-0.02
1	0.75	0	1	27	0.75	0.25	a.png	m.png	603620.24	603620.23	0.26	-0.02HC02S4	4	4	6	1	0.75	1	2	27	0.25	0.75	m.png	a.png	603622.84	603622.83	0.49	-0.01
1	0.75	1	2	27	0.25	0.75	m.png	a.png	603622.84	603622.83	0.49	-0.01HC02S4	4	4	7	1	0.75	1	3	27	0.25	0.75	m.png	a.png	603625.71	603625.69	0.38	-0.02
1	0.75	1	3	27	0.25	0.75	m.png	a.png	603625.71	603625.69	0.38	-0.02HC02S4	4	4	8	1	0.75	0	3	27	0.75	0.25	a.png	m.png	603628.53	603628.51	0.30	-0.02
1	0.75	0	3	27	0.75	0.25	a.png	m.png	603628.53	603628.51	0.30	-0.02HC02S4	4	4	9	1	0.75	0	3	27	0.75	0.25	a.png	m.png	603631.29	603631.28	0.32	-0.01
1	0.75	0	3	27	0.75	0.25	a.png	m.png	603631.29	603631.28	0.32	-0.01HC02S4	4	4	10	1	0.75	1	4	27	0.25	0.75	m.png	a.png	603633.66	603633.65	0.32	-0.02
1	0.75	1	4	27	0.25	0.75	m.png	a.png	603633.66	603633.65	0.32	-0.02HC02S4	4	4	11	1	0.75	1	5	27	0.25	0.75	m.png	a.png	603636.59	603636.57	0.23	-0.02
1	0.75	1	5	27	0.25	0.75	m.png	a.png	603636.59	603636.57	0.23	-0.02HC02S4	4	4	12	2	0.25	0	5	27	0.25	0.75	m.png	a.png	603639.40	603639.39	0.46	-0.01
2	0.25	0	5	27	0.25	0.75	m.png	a.png	603639.40	603639.39	0.46	-0.01HC02S4	4	4	13	2	0.25	1	6	27	0.25	0.75	m.png	a.png	603641.94	603641.93	0.48	-0.01
2	0.25	1	6	27	0.25	0.75	m.png	a.png	603641.94	603641.93	0.48	-0.01HC02S4	4	4	14	1	0.75	1	7	27	0.25	0.75	m.png	a.png	603644.68	603644.67	0.29	-0.01
1	0.75	1	7	27	0.25	0.75	m.png	a.png	603644.68	603644.67	0.29	-0.01HC02S4	4	4	15	1	0.75	1	8	27	0.75	0.25	a.png	m.png	603647.48	603647.47	0.39	-0.01
1	0.75	1	8	27	0.75	0.25	a.png	m.png	603647.48	603647.47	0.39	-0.01HC02S4	4	4	16	1	0.75	1	9	27	0.25	0.75	m.png	a.png	603650.19	603650.18	0.22	-0.02
1	0.75	1	9	27	0.25	0.75	m.png	a.png	603650.19	603650.18	0.22	-0.02HC02S4	4	4	17	1	0.75	0	9	27	0.75	0.25	a.png	m.png	603653.25	603653.23	0.32	-0.01
1	0.75	0	9	27	0.75	0.25	a.png	m.png	603653.25	603653.23	0.32	-0.01HC02S4	4	4	18	1	0.75	0	9	27	0.75	0.25	a.png	m.png	603655.85	603655.84	0.39	-0.01
1	0.75	0	9	27	0.75	0.25	a.png	m.png	603655.85	603655.84	0.39	-0.01HC02S4	4	4	19	2	0.25	0	9	27	0.75	0.25	a.png	m.png	603658.27	603658.25	0.26	-0.02
2	0.25	0	9	27	0.75	0.25	a.png	m.png	603658.27	603658.25	0.26	-0.02HC02S4	4	4	20	1	0.75	1	10	27	0.25	0.75	m.png	a.png	603660.93	603660.91	0.42	-0.02
1	0.75	1	10	27	0.25	0.75	m.png	a.png	603660.93	603660.91	0.42	-0.02HC02S4	4	5	1	1	0.25	1	1	37	0.25	0.75	h.png	o.png	603667.03	603667.01	0.33	-0.01
1	0.25	1	1	37	0.25	0.75	h.png	o.png	603667.03	603667.01	0.33	-0.01HC02S4	4	5	2	2	0.75	1	2	37	0.25	0.75	h.png	o.png	603669.94	603669.92	0.25	-0.01
2	0.75	1	2	37	0.25	0.75	h.png	o.png	603669.94	603669.92	0.25	-0.01HC02S4	4	5	3	1	0.25	1	3	37	0.75	0.25	o.png	h.png	603672.70	603672.69	0.23	-0.01
1	0.25	1	3	37	0.75	0.25	o.png	h.png	603672.70	603672.69	0.23	-0.01HC02S4	4	5	4	1	0.25	0	3	37	0.25	0.75	h.png	o.png	603675.53	603675.52	0.38	-0.01
1	0.25	0	3	37	0.25	0.75	h.png	o.png	603675.53	603675.52	0.38	-0.01HC02S4	4	5	5	2	0.75	1	4	37	0.75	0.25	o.png	h.png	603678.08	603678.07	0.21	-0.02
2	0.75	1	4	37	0.75	0.25	o.png	h.png	603678.08	603678.07	0.21	-0.02HC02S4	4	5	6	1	0.25	0	4	37	0.75	0.25	o.png	h.png	603680.86	603680.74	0.34	-0.12
1	0.25	0	4	37	0.75	0.25	o.png	h.png	603680.86	603680.74	0.34	-0.12HC02S4	4	5	7	2	0.75	1	5	37	0.75	0.25	o.png	h.png	603683.35	603683.34	0.21	-0.01
2	0.75	1	5	37	0.75	0.25	o.png	h.png	603683.35	603683.34	0.21	-0.01HC02S4	4	5	8	1	0.25	0	5	37	0.75	0.25	o.png	h.png	603686.13	603686.12	0.45	-0.01
1	0.25	0	5	37	0.75	0.25	o.png	h.png	603686.13	603686.12	0.45	-0.01HC02S4	4	5	9	2	0.75	1	6	37	0.75	0.25	o.png	h.png	603688.67	603688.65	0.46	-0.02
2	0.75	1	6	37	0.75	0.25	o.png	h.png	603688.67	603688.65	0.46	-0.02HC02S4	4	5	10	1	0.25	0	6	37	0.75	0.25	o.png	h.png	603691.52	603691.50	0.46	-0.02
1	0.25	0	6	37	0.75	0.25	o.png	h.png	603691.52	603691.50	0.46	-0.02HC02S4	4	5	11	2	0.75	1	7	37	0.25	0.75	h.png	o.png	603693.93	603693.92	0.33	-0.02
2	0.75	1	7	37	0.25	0.75	h.png	o.png	603693.93	603693.92	0.33	-0.02HC02S4	4	5	12	2	0.75	1	8	37	0.75	0.25	o.png	h.png	603696.62	603696.60	0.44	-0.02
2	0.75	1	8	37	0.75	0.25	o.png	h.png	603696.62	603696.60	0.44	-0.02HC02S4	4	5	13	2	0.75	0	8	37	0.75	0.25	o.png	h.png	603699.46	603699.45	0.24	-0.01
2	0.75	0	8	37	0.75	0.25	o.png	h.png	603699.46	603699.45	0.24	-0.01HC02S4	4	5	14	1	0.25	0	8	37	0.75	0.25	o.png	h.png	603702.13	603702.11	0.37	-0.02
1	0.25	0	8	37	0.75	0.25	o.png	h.png	603702.13	603702.11	0.37	-0.02HC02S4	4	5	15	2	0.75	1	9	37	0.75	0.25	o.png	h.png	603704.26	603704.25	0.21	-0.01
2	0.75	1	9	37	0.75	0.25	o.png	h.png	603704.26	603704.25	0.21	-0.01HC02S4	4	5	16	2	0.75	1	10	37	0.25	0.75	h.png	o.png	603706.84	603706.82	0.30	-0.02
2	0.75	1	10	37	0.25	0.75	h.png	o.png	603706.84	603706.82	0.30	-0.02HC02S4	4	5	17	2	0.75	1	11	37	0.75	0.25	o.png	h.png	603709.35	603709.34	0.45	-0.01
2	0.75	1	11	37	0.75	0.25	o.png	h.png	603709.35	603709.34	0.45	-0.01HC02S4	4	5	18	1	0.25	1	12	37	0.75	0.25	o.png	h.png	603712.32	603712.30	0.26	-0.02
1	0.25	1	12	37	0.75	0.25	o.png	h.png	603712.32	603712.30	0.26	-0.02HC02S4	4	5	19	1	0.25	0	12	37	0.25	0.75	h.png	o.png	603715.18	603715.17	0.49	-0.01
1	0.25	0	12	37	0.25	0.75	h.png	o.png	603715.18	603715.17	0.49	-0.01HC02S4	4	5	20	1	0.25	0	12	37	0.75	0.25	o.png	h.png	603717.67	603717.66	0.48	-0.01
1	0.25	0	12	37	0.75	0.25	o.png	h.png	603717.67	603717.66	0.48	-0.01HC02S4	4	6	1	2	0.75	0	0	49	0.75	0.25	t.png	c.png	603727.24	603727.18	0.26	-0.05
2	0.75	0	0	49	0.75	0.25	t.png	c.png	603727.24	603727.18	0.26	-0.05HC02S4	4	6	2	1	0.25	0	0	49	0.75	0.25	t.png	c.png	603729.69	603729.67	0.23	-0.01
1	0.25	0	0	49	0.75	0.25	t.png	c.png	603729.69	603729.67	0.23	-0.01HC02S4	4	6	3	1	0.25	0	0	49	0.75	0.25	t.png	c.png	603732.17	603732.15	0.34	-0.02
1	0.25	0	0	49	0.75	0.25	t.png	c.png	603732.17	603732.15	0.34	-0.02HC02S4	4	6	4	2	0.75	0	0	49	0.75	0.25	t.png	c.png	603734.62	603734.61	0.37	-0.01
2	0.75	0	0	49	0.75	0.25	t.png	c.png	603734.62	603734.61	0.37	-0.01HC02S4	4	6	5	2	0.75	1	1	49	0.75	0.25	t.png	c.png	603737.26	603737.25	0.31	-0.02
2	0.75	1	1	49	0.75	0.25	t.png	c.png	603737.26	603737.25	0.31	-0.02HC02S4	4	6	6	2	0.75	1	2	49	0.75	0.25	t.png	c.png	603740.51	603740.50	0.38	-0.01
2	0.75	1	2	49	0.75	0.25	t.png	c.png	603740.51	603740.50	0.38	-0.01HC02S4	4	6	7	2	0.75	1	3	49	0.75	0.25	t.png	c.png	603743.52	603743.50	0.37	-0.02
2	0.75	1	3	49	0.75	0.25	t.png	c.png	603743.52	603743.50	0.37	-0.02HC02S4	4	6	8	2	0.75	0	3	49	0.75	0.25	t.png	c.png	603746.23	603746.21	0.34	-0.02
2	0.75	0	3	49	0.75	0.25	t.png	c.png	603746.23	603746.21	0.34	-0.02HC02S4	4	6	9	2	0.75	1	4	49	0.25	0.75	c.png	t.png	603749.10	603749.08	0.31	-0.02
2	0.75	1	4	49	0.25	0.75	c.png	t.png	603749.10	603749.08	0.31	-0.02HC02S4	4	6	10	2	0.75	1	5	49	0.25	0.75	c.png	t.png	603751.92	603751.91	0.25	-0.01
2	0.75	1	5	49	0.25	0.75	c.png	t.png	603751.92	603751.91	0.25	-0.01HC02S4	4	6	11	1	0.25	0	5	49	0.25	0.75	c.png	t.png	603754.91	603754.90	0.32	-0.01
1	0.25	0	5	49	0.25	0.75	c.png	t.png	603754.91	603754.90	0.32	-0.01HC02S4	4	6	12	2	0.75	1	6	49	0.75	0.25	t.png	c.png	603757.45	603757.43	0.28	-0.02
2	0.75	1	6	49	0.75	0.25	t.png	c.png	603757.45	603757.43	0.28	-0.02HC02S4	4	6	13	1	0.25	0	6	49	0.75	0.25	t.png	c.png	603760.62	603760.60	0.45	-0.02
1	0.25	0	6	49	0.75	0.25	t.png	c.png	603760.62	603760.60	0.45	-0.02HC02S4	4	6	14	2	0.75	1	7	49	0.75	0.25	t.png	c.png	603763.19	603763.18	0.24	-0.01
2	0.75	1	7	49	0.75	0.25	t.png	c.png	603763.19	603763.18	0.24	-0.01HC02S4	4	6	15	1	0.25	0	7	49	0.75	0.25	t.png	c.png	603766.52	603766.51	0.47	-0.01
1	0.25	0	7	49	0.75	0.25	t.png	c.png	603766.52	603766.51	0.47	-0.01HC02S4	4	6	16	2	0.75	0	7	49	0.75	0.25	t.png	c.png	603769.17	603769.16	0.37	-0.02
2	0.75	0	7	49	0.75	0.25	t.png	c.png	603769.17	603769.16	0.37	-0.02HC02S4	4	6	17	2	0.75	1	8	49	0.25	0.75	c.png	t.png	603771.86	603771.85	0.37	-0.01
2	0.75	1	8	49	0.25	0.75	c.png	t.png	603771.86	603771.85	0.37	-0.01HC02S4	4	6	18	2	0.75	0	8	49	0.75	0.25	t.png	c.png	603775.15	603775.13	0.44	-0.02
2	0.75	0	8	49	0.75	0.25	t.png	c.png	603775.15	603775.13	0.44	-0.02HC02S4	4	6	19	1	0.25	1	9	49	0.25	0.75	c.png	t.png	603777.96	603777.95	0.27	-0.01
1	0.25	1	9	49	0.25	0.75	c.png	t.png	603777.96	603777.95	0.27	-0.01HC02S4	4	6	20	1	0.25	1	10	49	0.75	0.25	t.png	c.png	603781.21	603781.20	0.24	-0.01
1	0.25	1	10	49	0.75	0.25	t.png	c.png	603781.21	603781.20	0.24	-0.01