HC02S2	2	1	1	2	0.25	0	0	0	0.25	0.75	v.png	u.png	602513.42	602513.41	0.33	-0.01
2	0.25	0	0	0	0.25	0.75	v.png	u.png	602513.42	602513.41	0.33	-0.01HC02S2	2	1	2	2	0.25	0	0	0	0.75	0.25	u.png	v.png	602516.18	602516.16	0.32	-0.01
2	0.25	0	0	0	0.75	0.25	u.png	v.png	602516.18	602516.16	0.32	-0.01HC02S2	2	1	3	1	0.75	0	0	0	0.25	0.75	v.png	u.png	602518.91	602518.90	0.44	-0.01
1	0.75	0	0	0	0.25	0.75	v.png	u.png	602518.91	602518.90	0.44	-0.01HC02S2	2	1	4	1	0.75	1	1	0	0.25	0.75	v.png	u.png	602521.54	602521.52	0.40	-0.02
1	0.75	1	1	0	0.25	0.75	v.png	u.png	602521.54	602521.52	0.40	-0.02HC02S2	2	1	5	1	0.75	1	2	0	0.75	0.25	u.png	v.png	602525.11	602525.09	0.48	-0.02
1	0.75	1	2	0	0.75	0.25	u.png	v.png	602525.11	602525.09	0.48	-0.02HC02S2	2	1	6	1	0.75	1	3	0	0.75	0.25	u.png	v.png	602527.93	602527.92	0.36	-0.01
1	0.75	1	3	0	0.75	0.25	u.png	v.png	602527.93	602527.92	0.36	-0.01HC02S2	2	1	7	1	0.75	1	4	0	0.25	0.75	v.png	u.png	602530.93	602530.92	0.33	-0.01
1	0.75	1	4	0	0.25	0.75	v.png	u.png	602530.93	602530.92	0.33	-0.01HC02S2	2	1	8	1	0.75	1	5	0	0.25	0.75	v.png	u.png	602533.81	602533.79	0.38	-0.01
1	0.75	1	5	0	0.25	0.75	v.png	u.png	602533.81	602533.79	0.38	-0.01HC02S2	2	1	9	1	0.75	1	6	0	0.25	0.75	v.png	u.png	602536.51	602536.50	0.21	-0.01
1	0.75	1	6	0	0.25	0.75	v.png	u.png	602536.51	602536.50	0.21	-0.01HC02S2	2	1	10	2	0.25	0	6	0	0.25	0.75	v.png	u.png	602539.17	602539.16	0.32	-0.01
2	0.25	0	6	0	0.25	0.75	v.png	u.png	602539.17	602539.16	0.32	-0.01HC02S2	2	1	11	2	0.25	0	6	0	0.25	0.75	v.png	u.png	602541.82	602541.81	0.46	-0.01
2	0.25	0	6	0	0.25	0.75	v.png	u.png	602541.82	602541.81	0.46	-0.01HC02S2	2	1	12	2	0.25	0	6	0	0.25	0.75	v.png	u.png	602545.06	602545.05	0.45	-0.01
2	0.25	0	6	0	0.25	0.75	v.png	u.png	602545.06	602545.05	0.45	-0.01HC02S2	2	1	13	1	0.75	1	7	0	0.75	0.25	u.png	v.png	602547.64	602547.62	0.25	-0.01
1	0.75	1	7	0	0.75	0.25	u.png	v.png	602547.64	602547.62	0.25	-0.01HC02S2	2	1	14	1	0.75	1	8	0	0.25	0.75	v.png	u.png	602550.70	602550.69	0.35	-0.01
1	0.75	1	8	0	0.25	0.75	v.png	u.png	602550.70	602550.69	0.35	-0.01HC02S2	2	1	15	1	0.75	1	9	0	0.75	0.25	u.png	v.png	602553.44	602553.43	0.24	-0.01
1	0.75	1	9	0	0.75	0.25	u.png	v.png	602553.44	602553.43	0.24	-0.01HC02S2	2	1	16	1	0.75	1	10	0	0.25	0.75	v.png	u.png	602556.19	602556.09	0.30	-0.10
1	0.75	1	10	0	0.25	0.75	v.png	u.png	602556.19	602556.09	0.30	-0.10HC02S2	2	1	17	1	0.75	1	11	0	0.25	0.75	v.png	u.png	602558.62	602558.61	0.21	-0.01
1	0.75	1	11	0	0.25	0.75	v.png	u.png	602558.62	602558.61	0.21	-0.01HC02S2	2	1	18	1	0.75	1	12	0	0.25	0.75	v.png	u.png	602561.45	602561.43	0.29	-0.01
1	0.75	1	12	0	0.25	0.75	v.png	u.png	602561.45	602561.43	0.29	-0.01HC02S2	2	1	19	1	0.75	1	13	0	0.25	0.75	v.png	u.png	602563.96	602563.94	0.26	-0.01
1	0.75	1	13	0	0.25	0.75	v.png	u.png	602563.96	602563.94	0.26	-0.01HC02S2	2	1	20	1	0.75	1	14	0	0.75	0.25	u.png	v.png	602566.39	602566.38	0.37	-0.01
1	0.75	1	14	0	0.75	0.25	u.png	v.png	602566.39	602566.38	0.37	-0.01HC02S2	2	2	1	2	0.75	1	1	14	0.25	0.75	y.png	n.png	602577.38	602577.36	0.49	-0.01
2	0.75	1	1	14	0.25	0.75	y.png	n.png	602577.38	602577.36	0.49	-0.01HC02S2	2	2	2	1	0.25	0	1	14	0.75	0.25	n.png	y.png	602580.26	602580.25	0.32	-0.01
1	0.25	0	1	14	0.75	0.25	n.png	y.png	602580.26	602580.25	0.32	-0.01HC02S2	2	2	3	2	0.75	0	1	14	0.25	0.75	y.png	n.png	602582.67	602582.65	0.33	-0.02
2	0.75	0	1	14	0.25	0.75	y.png	n.png	602582.67	602582.65	0.33	-0.02HC02S2	2	2	4	1	0.25	0	1	14	0.25	0.75	y.png	n.png	602585.24	602585.22	0.37	-0.02
1	0.25	0	1	14	0.25	0.75	y.png	n.png	602585.24	602585.22	0.37	-0.02HC02S2	2	2	5	1	0.25	0	1	14	0.25	0.75	y.png	n.png	602587.92	602587.91	0.48	-0.02
1	0.25	0	1	14	0.25	0.75	y.png	n.png	602587.92	602587.91	0.48	-0.02HC02S2	2	2	6	2	0.75	1	2	14	0.75	0.25	n.png	y.png	602590.76	602590.74	0.39	-0.01
2	0.75	1	2	14	0.75	0.25	n.png	y.png	602590.76	602590.74	0.39	-0.01HC02S2	2	2	7	1	0.25	1	3	14	0.25	0.75	y.png	n.png	602593.33	602593.31	0.35	-0.02
1	0.25	1	3	14	0.25	0.75	y.png	n.png	602593.33	602593.31	0.35	-0.02HC02S2	2	2	8	1	0.25	0	3	14	0.75	0.25	n.png	y.png	602595.80	602595.78	0.22	-0.01
1	0.25	0	3	14	0.75	0.25	n.png	y.png	602595.80	602595.78	0.22	-0.01HC02S2	2	2	9	1	0.25	0	3	14	0.75	0.25	n.png	y.png	602598.36	602598.35	0.28	-0.01
1	0.25	0	3	14	0.75	0.25	n.png	y.png	602598.36	602598.35	0.28	-0.01HC02S2	2	2	10	1	0.25	0	3	14	0.75	0.25	n.png	y.png	602601.41	602601.40	0.39	-0.01
1	0.25	0	3	14	0.75	0.25	n.png	y.png	602601.41	602601.40	0.39	-0.01HC02S2	2	2	11	1	0.25	0	3	14	0.75	0.25	n.png	y.png	602604.11	602604.10	0.45	-0.01
1	0.25	0	3	14	0.75	0.25	n.png	y.png	602604.11	602604.10	0.45	-0.01HC02S2	2	2	12	1	0.25	0	3	14	0.75	0.25	n.png	y.png	602606.58	602606.56	0.23	-0.01
1	0.25	0	3	14	0.75	0.25	n.png	y.png	602606.58	602606.56	0.23	-0.01HC02S2	2	2	13	1	0.25	1	4	14	0.25	0.75	y.png	n.png	602608.85	602608.84	0.28	-0.01
1	0.25	1	4	14	0.25	0.75	y.png	n.png	602608.85	602608.84	0.28	-0.01HC02S2	2	2	14	1	0.25	0	4	14	0.25	0.75	y.png	n.png	602611.66	602611.65	0.22	-0.01
1	0.25	0	4	14	0.25	0.75	y.png	n.png	602611.66	602611.65	0.22	-0.01HC02S2	2	2	15	2	0.75	1	5	14	0.25	0.75	y.png	n.png	602613.85	602613.83	0.24	-0.02
2	0.75	1	5	14	0.25	0.75	y.png	n.png	602613.85	602613.83	0.24	-0.02HC02S2	2	2	16	2	0.75	1	6	14	0.75	0.25	n.png	y.png	602616.32	602616.31	0.41	-0.01
2	0.75	1	6	14	0.75	0.25	n.png	y.png	602616.32	602616.31	0.41	-0.01HC02S2	2	2	17	1	0.25	0	6	14	0.75	0.25	n.png	y.png	602619.08	602619.07	0.49	-0.01
1	0.25	0	6	14	0.75	0.25	n.png	y.png	602619.08	602619.07	0.49	-0.01HC02S2	2	2	18	1	0.25	0	6	14	0.25	0.75	y.png	n.png	602621.32	602621.31	0.48	-0.01
1	0.25	0	6	14	0.25	0.75	y.png	n.png	602621.32	602621.31	0.48	-0.01HC02S2	2	2	19	2	0.75	0	6	14	0.25	0.75	y.png	n.png	602623.98	602623.96	0.36	-0.01
2	0.75	0	6	14	0.25	0.75	y.png	n.png	602623.98	602623.96	0.36	-0.01HC02S2	2	2	20	1	0.25	0	6	14	0.75	0.25	n.png	y.png	602626.47	602626.46	0.41	-0.01
1	0.25	0	6	14	0.75	0.25	n.png	y.png	602626.47	602626.46	0.41	-0.01HC02S2	2	3	1	2	0.25	0	0	20	0.75	0.25	c.png	p.png	602637.75	602637.60	0.50	-0.15
2	0.25	0	0	20	0.75	0.25	c.png	p.png	602637.75	602637.60	0.50	-0.15HC02S2	2	3	2	1	0.75	1	1	20	0.25	0.75	p.png	c.png	602640.49	602640.48	0.33	-0.01
1	0.75	1	1	20	0.25	0.75	p.png	c.png	602640.49	602640.48	0.33	-0.01HC02S2	2	3	3	1	0.75	1	2	20	0.75	0.25	c.png	p.png	602643.00	602642.99	0.45	-0.01
1	0.75	1	2	20	0.75	0.25	c.png	p.png	602643.00	602642.99	0.45	-0.01HC02S2	2	3	4	2	0.25	0	2	20	0.75	0.25	c.png	p.png	602645.61	602645.60	0.46	-0.02
2	0.25	0	2	20	0.75	0.25	c.png	p.png	602645.61	602645.60	0.46	-0.02HC02S2	2	3	5	2	0.25	0	2	20	0.25	0.75	p.png	c.png	602647.84	602647.83	0.48	-0.01
2	0.25	0	2	20	0.25	0.75	p.png	c.png	602647.84	602647.83	0.48	-0.01HC02S2	2	3	6	1	0.75	1	3	20	0.25	0.75	p.png	c.png	602650.80	602650.78	0.48	-0.02
1	0.75	1	3	20	0.25	0.75	p.png	c.png	602650.80	602650.78	0.48	-0.02HC02S2	2	3	7	2	0.25	0	3	20	0.75	0.25	c.png	p.png	602654.22	602654.13	0.43	-0.09
2	0.25	0	3	20	0.75	0.25	c.png	p.png	602654.22	602654.13	0.43	-0.09HC02S2	2	3	8	1	0.75	1	4	20	0.75	0.25	c.png	p.png	602657.33	602657.32	0.47	-0.01
1	0.75	1	4	20	0.75	0.25	c.png	p.png	602657.33	602657.32	0.47	-0.01HC02S2	2	3	9	1	0.75	1	5	20	0.75	0.25	c.png	p.png	602660.30	602660.29	0.39	-0.01
1	0.75	1	5	20	0.75	0.25	c.png	p.png	602660.30	602660.29	0.39	-0.01HC02S2	2	3	10	1	0.75	1	6	20	0.25	0.75	p.png	c.png	602662.98	602662.97	0.30	-0.01
1	0.75	1	6	20	0.25	0.75	p.png	c.png	602662.98	602662.97	0.30	-0.01HC02S2	2	3	11	1	0.75	1	7	20	0.75	0.25	c.png	p.png	602666.14	602666.13	0.31	-0.01
1	0.75	1	7	20	0.75	0.25	c.png	p.png	602666.14	602666.13	0.31	-0.01HC02S2	2	3	12	1	0.75	1	8	20	0.75	0.25	c.png	p.png	602669.04	602669.03	0.23	-0.01
1	0.75	1	8	20	0.75	0.25	c.png	p.png	602669.04	602669.03	0.23	-0.01HC02S2	2	3	13	2	0.25	0	8	20	0.75	0.25	c.png	p.png	602672.08	602672.06	0.48	-0.02
2	0.25	0	8	20	0.75	0.25	c.png	p.png	602672.08	602672.06	0.48	-0.02HC02S2	2	3	14	2	0.25	1	9	20	0.75	0.25	c.png	p.png	602674.99	602674.98	0.43	-0.02
2	0.25	1	9	20	0.75	0.25	c.png	p.png	602674.99	602674.98	0.43	-0.02HC02S2	2	3	15	2	0.25	0	9	20	0.75	0.25	c.png	p.png	602677.87	602677.86	0.43	-0.01
2	0.25	0	9	20	0.75	0.25	c.png	p.png	602677.87	602677.86	0.43	-0.01HC02S2	2	3	16	1	0.75	1	10	20	0.25	0.75	p.png	c.png	602680.19	602680.18	0.36	-0.01
1	0.75	1	10	20	0.25	0.75	p.png	c.png	602680.19	602680.18	0.36	-0.01HC02S2	2	3	17	2	0.25	0	10	20	0.25	0.75	p.png	c.png	602683.16	602683.15	0.48	-0.01
2	0.25	0	10	20	0.25	0.75	p.png	c.png	602683.16	602683.15	0.48	-0.01HC02S2	2	3	18	1	0.75	0	10	20	0.25	0.75	p.png	c.png	602685.93	602685.69	0.23	-0.24
1	0.75	0	10	20	0.25	0.75	p.png	c.png	602685.93	602685.69	0.23	-0.24HC02S2	2	3	19	1	0.75	1	11	20	0.75	0.25	c.png	p.png	602688.13	602688.12	0.28	-0.01
1	0.75	1	11	20	0.75	0.25	c.png	p.png	602688.13	602688.12	0.28	-0.01HC02S2	2	3	20	2	0.25	0	11	20	0.75	0.25	c.png	p.png	602691.21	602691.19	0.31	-0.02
2	0.25	0	11	20	0.75	0.25	c.png	p.png	602691.21	602691.19	0.31	-0.02HC02S2	2	4	1	2	0.75	1	1	31	0.75	0.25	k.png	a.png	602700.19	602700.18	0.37	-0.01
2	0.75	1	1	31	0.75	0.25	k.png	a.png	602700.19	602700.18	0.37	-0.01HC02S2	2	4	2	1	0.25	0	1	31	0.25	0.75	a.png	k.png	602702.67	602702.66	0.23	-0.01
1	0.25	0	1	31	0.25	0.75	a.png	k.png	602702.67	602702.66	0.23	-0.01HC02S2	2	4	3	2	0.75	1	2	31	0.75	0.25	k.png	a.png	602705.23	602705.22	0.35	-0.02
2	0.75	1	2	31	0.75	0.25	k.png	a.png	602705.23	602705.22	0.35	-0.02HC02S2	2	4	4	2	0.75	0	2	31	0.25	0.75	a.png	k.png	602707.65	602707.64	0.36	-0.01
2	0.75	0	2	31	0.25	0.75	a.png	k.png	602707.65	602707.64	0.36	-0.01HC02S2	2	4	5	1	0.25	1	3	31	0.75	0.25	k.png	a.png	602710.47	602710.45	0.30	-0.01
1	0.25	1	3	31	0.75	0.25	k.png	a.png	602710.47	602710.45	0.30	-0.01HC02S2	2	4	6	1	0.25	1	4	31	0.25	0.75	a.png	k.png	602713.40	602713.38	0.29	-0.01
1	0.25	1	4	31	0.25	0.75	a.png	k.png	602713.40	602713.38	0.29	-0.01HC02S2	2	4	7	2	0.75	0	4	31	0.75	0.25	k.png	a.png	602716.21	602716.20	0.29	-0.01
2	0.75	0	4	31	0.75	0.25	k.png	a.png	602716.21	602716.20	0.29	-0.01HC02S2	2	4	8	1	0.25	1	5	31	0.75	0.25	k.png	a.png	602719.05	602719.03	0.32	-0.02
1	0.25	1	5	31	0.75	0.25	k.png	a.png	602719.05	602719.03	0.32	-0.02HC02S2	2	4	9	2	0.75	1	6	31	0.75	0.25	k.png	a.png	602721.78	602721.63	0.31	-0.15
2	0.75	1	6	31	0.75	0.25	k.png	a.png	602721.78	602721.63	0.31	-0.15HC02S2	2	4	10	1	0.25	0	6	31	0.25	0.75	a.png	k.png	602724.73	602724.72	0.43	-0.02
1	0.25	0	6	31	0.25	0.75	a.png	k.png	602724.73	602724.72	0.43	-0.02HC02S2	2	4	11	2	0.75	0	6	31	0.25	0.75	a.png	k.png	602727.48	602727.46	0.36	-0.02
2	0.75	0	6	31	0.25	0.75	a.png	k.png	602727.48	602727.46	0.36	-0.02HC02S2	2	4	12	1	0.25	0	6	31	0.75	0.25	k.png	a.png	602730.35	602730.33	0.28	-0.02
1	0.25	0	6	31	0.75	0.25	k.png	a.png	602730.35	602730.33	0.28	-0.02HC02S2	2	4	13	2	0.75	1	7	31	0.75	0.25	k.png	a.png	602732.71	602732.70	0.40	-0.01
2	0.75	1	7	31	0.75	0.25	k.png	a.png	602732.71	602732.70	0.40	-0.01HC02S2	2	4	14	1	0.25	0	7	31	0.75	0.25	k.png	a.png	602736.33	602736.32	0.50	-0.01
1	0.25	0	7	31	0.75	0.25	k.png	a.png	602736.33	602736.32	0.50	-0.01HC02S2	2	4	15	2	0.75	1	8	31	0.75	0.25	k.png	a.png	602739.00	602739.00	0.37	-0.01
2	0.75	1	8	31	0.75	0.25	k.png	a.png	602739.00	602739.00	0.37	-0.01HC02S2	2	4	16	1	0.25	0	8	31	0.25	0.75	a.png	k.png	602742.45	602742.43	0.46	-0.02
1	0.25	0	8	31	0.25	0.75	a.png	k.png	602742.45	602742.43	0.46	-0.02HC02S2	2	4	17	1	0.25	0	8	31	0.75	0.25	k.png	a.png	602745.44	602745.42	0.30	-0.02
1	0.25	0	8	31	0.75	0.25	k.png	a.png	602745.44	602745.42	0.30	-0.02HC02S2	2	4	18	2	0.75	1	9	31	0.75	0.25	k.png	a.png	602748.25	602748.24	0.38	-0.01
2	0.75	1	9	31	0.75	0.25	k.png	a.png	602748.25	602748.24	0.38	-0.01HC02S2	2	4	19	1	0.25	0	9	31	0.25	0.75	a.png	k.png	602750.91	602750.90	0.21	-0.02
1	0.25	0	9	31	0.25	0.75	a.png	k.png	602750.91	602750.90	0.21	-0.02HC02S2	2	4	20	1	0.25	0	9	31	0.75	0.25	k.png	a.png	602753.66	602753.65	0.29	-0.01
1	0.25	0	9	31	0.75	0.25	k.png	a.png	602753.66	602753.65	0.29	-0.01HC02S2	2	5	1	2	0.75	1	1	40	0.75	0.25	t.png	f.png	602763.65	602763.64	0.40	-0.01
2	0.75	1	1	40	0.75	0.25	t.png	f.png	602763.65	602763.64	0.40	-0.01HC02S2	2	5	2	1	0.25	0	1	40	0.75	0.25	t.png	f.png	602766.16	602766.15	0.27	-0.01
1	0.25	0	1	40	0.75	0.25	t.png	f.png	602766.16	602766.15	0.27	-0.01HC02S2	2	5	3	1	0.25	1	2	40	0.25	0.75	f.png	t.png	602768.55	602768.54	0.41	-0.02
1	0.25	1	2	40	0.25	0.75	f.png	t.png	602768.55	602768.54	0.41	-0.02HC02S2	2	5	4	1	0.25	1	3	40	0.75	0.25	t.png	f.png	602771.06	602771.04	0.25	-0.01
1	0.25	1	3	40	0.75	0.25	t.png	f.png	602771.06	602771.04	0.25	-0.01HC02S2	2	5	5	1	0.25	1	4	40	0.75	0.25	t.png	f.png	602773.63	602773.62	0.33	-0.01
1	0.25	1	4	40	0.75	0.25	t.png	f.png	602773.63	602773.62	0.33	-0.01HC02S2	2	5	6	2	0.75	1	5	40	0.25	0.75	f.png	t.png	602776.29	602776.28	0.30	-0.01
2	0.75	1	5	40	0.25	0.75	f.png	t.png	602776.29	602776.28	0.30	-0.01HC02S2	2	5	7	2	0.75	1	6	40	0.75	0.25	t.png	f.png	602779.10	602779.09	0.36	-0.01
2	0.75	1	6	40	0.75	0.25	t.png	f.png	602779.10	602779.09	0.36	-0.01HC02S2	2	5	8	2	0.75	1	7	40	0.25	0.75	f.png	t.png	602781.78	602781.77	0.30	-0.01
2	0.75	1	7	40	0.25	0.75	f.png	t.png	602781.78	602781.77	0.30	-0.01HC02S2	2	5	9	1	0.25	1	8	40	0.25	0.75	f.png	t.png	602784.58	602784.58	0.31	-0.01
1	0.25	1	8	40	0.25	0.75	f.png	t.png	602784.58	602784.58	0.31	-0.01HC02S2	2	5	10	1	0.25	1	9	40	0.75	0.25	t.png	f.png	602787.66	602787.64	0.44	-0.02
1	0.25	1	9	40	0.75	0.25	t.png	f.png	602787.66	602787.64	0.44	-0.02HC02S2	2	5	11	2	0.75	1	10	40	0.25	0.75	f.png	t.png	602790.19	602790.17	0.27	-0.01
2	0.75	1	10	40	0.25	0.75	f.png	t.png	602790.19	602790.17	0.27	-0.01HC02S2	2	5	12	1	0.25	0	10	40	0.25	0.75	f.png	t.png	602792.75	602792.74	0.30	-0.01
1	0.25	0	10	40	0.25	0.75	f.png	t.png	602792.75	602792.74	0.30	-0.01HC02S2	2	5	13	1	0.25	0	10	40	0.75	0.25	t.png	f.png	602795.49	602795.48	0.40	-0.02
1	0.25	0	10	40	0.75	0.25	t.png	f.png	602795.49	602795.48	0.40	-0.02HC02S2	2	5	14	2	0.75	1	11	40	0.25	0.75	f.png	t.png	602798.09	602798.08	0.24	-0.01
2	0.75	1	11	40	0.25	0.75	f.png	t.png	602798.09	602798.08	0.24	-0.01HC02S2	2	5	15	1	0.25	1	12	40	0.25	0.75	f.png	t.png	602800.97	602800.95	0.30	-0.01
1	0.25	1	12	40	0.25	0.75	f.png	t.png	602800.97	602800.95	0.30	-0.01HC02S2	2	5	16	2	0.75	1	13	40	0.25	0.75	f.png	t.png	602803.90	602803.88	0.42	-0.02
2	0.75	1	13	40	0.25	0.75	f.png	t.png	602803.90	602803.88	0.42	-0.02HC02S2	2	5	17	2	0.75	1	14	40	0.75	0.25	t.png	f.png	602806.58	602806.57	0.42	-0.01
2	0.75	1	14	40	0.75	0.25	t.png	f.png	602806.58	602806.57	0.42	-0.01HC02S2	2	5	18	2	0.75	1	15	40	0.25	0.75	f.png	t.png	602809.34	602809.33	0.44	-0.02
2	0.75	1	15	40	0.25	0.75	f.png	t.png	602809.34	602809.33	0.44	-0.02HC02S2	2	5	19	1	0.25	0	15	40	0.25	0.75	f.png	t.png	602812.35	602812.34	0.42	-0.01
1	0.25	0	15	40	0.25	0.75	f.png	t.png	602812.35	602812.34	0.42	-0.01HC02S2	2	5	20	2	0.75	0	15	40	0.75	0.25	t.png	f.png	602814.94	602814.92	0.31	-0.01
2	0.75	0	15	40	0.75	0.25	t.png	f.png	602814.94	602814.92	0.31	-0.01HC02S2	2	6	1	2	0.25	0	0	55	0.75	0.25	b.png	Q.png	602823.63	602823.62	0.25	-0.01
2	0.25	0	0	55	0.75	0.25	b.png	Q.png	602823.63	602823.62	0.25	-0.01HC02S2	2	6	2	2	0.25	0	0	55	0.75	0.25	b.png	Q.png	602826.34	602826.33	0.42	-0.01
2	0.25	0	0	55	0.75	0.25	b.png	Q.png	602826.34	602826.33	0.42	-0.01HC02S2	2	6	3	1	0.75	1	1	55	0.75	0.25	b.png	Q.png	602828.96	602828.95	0.49	-0.01
1	0.75	1	1	55	0.75	0.25	b.png	Q.png	602828.96	602828.95	0.49	-0.01HC02S2	2	6	4	2	0.25	0	1	55	0.75	0.25	b.png	Q.png	602832.07	602832.06	0.40	-0.01
2	0.25	0	1	55	0.75	0.25	b.png	Q.png	602832.07	602832.06	0.40	-0.01HC02S2	2	6	5	2	0.25	0	1	55	0.75	0.25	b.png	Q.png	602834.97	602834.94	0.31	-0.02
2	0.25	0	1	55	0.75	0.25	b.png	Q.png	602834.97	602834.94	0.31	-0.02HC02S2	2	6	6	1	0.75	1	2	55	0.75	0.25	b.png	Q.png	602837.46	602837.45	0.28	-0.01
1	0.75	1	2	55	0.75	0.25	b.png	Q.png	602837.46	602837.45	0.28	-0.01HC02S2	2	6	7	2	0.25	0	2	55	0.25	0.75	Q.png	b.png	602840.32	602840.31	0.31	-0.01
2	0.25	0	2	55	0.25	0.75	Q.png	b.png	602840.32	602840.31	0.31	-0.01HC02S2	2	6	8	1	0.75	1	3	55	0.25	0.75	Q.png	b.png	602843.14	602843.13	0.40	-0.01
1	0.75	1	3	55	0.25	0.75	Q.png	b.png	602843.14	602843.13	0.40	-0.01HC02S2	2	6	9	1	0.75	1	4	55	0.25	0.75	Q.png	b.png	602845.58	602845.57	0.37	-0.01
1	0.75	1	4	55	0.25	0.75	Q.png	b.png	602845.58	602845.57	0.37	-0.01HC02S2	2	6	10	1	0.75	0	4	55	0.75	0.25	b.png	Q.png	602848.48	602848.46	0.32	-0.02
1	0.75	0	4	55	0.75	0.25	b.png	Q.png	602848.48	602848.46	0.32	-0.02HC02S2	2	6	11	1	0.75	1	5	55	0.75	0.25	b.png	Q.png	602851.47	602851.45	0.45	-0.02
1	0.75	1	5	55	0.75	0.25	b.png	Q.png	602851.47	602851.45	0.45	-0.02HC02S2	2	6	12	2	0.25	0	5	55	0.75	0.25	b.png	Q.png	602854.54	602854.53	0.23	-0.01
2	0.25	0	5	55	0.75	0.25	b.png	Q.png	602854.54	602854.53	0.23	-0.01HC02S2	2	6	13	2	0.25	0	5	55	0.75	0.25	b.png	Q.png	602857.10	602857.10	0.39	-0.01
2	0.25	0	5	55	0.75	0.25	b.png	Q.png	602857.10	602857.10	0.39	-0.01HC02S2	2	6	14	2	0.25	1	6	55	0.75	0.25	b.png	Q.png	602859.64	602859.63	0.24	-0.01
2	0.25	1	6	55	0.75	0.25	b.png	Q.png	602859.64	602859.63	0.24	-0.01HC02S2	2	6	15	2	0.25	1	7	55	0.25	0.75	Q.png	b.png	602862.49	602862.48	0.28	-0.01
2	0.25	1	7	55	0.25	0.75	Q.png	b.png	602862.49	602862.48	0.28	-0.01HC02S2	2	6	16	1	0.75	1	8	55	0.75	0.25	b.png	Q.png	602865.88	602865.87	0.38	-0.01
1	0.75	1	8	55	0.75	0.25	b.png	Q.png	602865.88	602865.87	0.38	-0.01HC02S2	2	6	17	2	0.25	0	8	55	0.75	0.25	b.png	Q.png	602868.73	602868.72	0.21	-0.01
2	0.25	0	8	55	0.75	0.25	b.png	Q.png	602868.73	602868.72	0.21	-0.01HC02S2	2	6	18	2	0.25	1	9	55	0.75	0.25	b.png	Q.png	602871.28	602871.27	0.29	-0.01
2	0.25	1	9	55	0.75	0.25	b.png	Q.png	602871.28	602871.27	0.29	-0.01HC02S2	2	6	19	1	0.75	1	10	55	0.75	0.25	b.png	Q.png	602873.89	602873.88	0.25	-0.01
1	0.75	1	10	55	0.75	0.25	b.png	Q.png	602873.89	602873.88	0.25	-0.01HC02S2	2	6	20	1	0.75	0	10	55	0.25	0.75	Q.png	b.png	602876.65	602876.63	0.32	-0.02
1	0.75	0	10	55	0.25	0.75	Q.png	b.png	602876.65	602876.63	0.32	-0.02